"location","text"
"Arat._1.1","παροιμία@nafsc τις@anafs- παλαιός@anafs- ὦ@i πολυκράτης@nvmsp δείδω@vpaanms ἐγώ@rpdms δοκέω@vipa3s ὁ@dans δύσφημος@anans- αὐτός@rpgfs ὁ@dnms φιλόσοφος@nnmsc χρύσιππος@nnmsp οὐ@b ὅς@rpams ἔχω@vipa3s τρόπος@namsc ἀλλά@cs ὡς@cs αὐτός@rpnms οἴομαι@viie3s βελτίων@anansc εἰμί@vnpa-- διατίθημι@vipe3s τις@rpncs πατήρ@namsc αἰνέω@vifa3s εἰ@cs μή@b εὐδαίμων@annmp- υἱός@nnmpc διονυσόδωρος@nnmsp δέ@b ὁ@dnms τροιζήνιος@annms- ἔλεγχος@vppanms αὐτός@rpams ἀντεκτίθημι@vipa3s ὁ@dafs ἀληθινός@anafs- οὕτως@b ἔχω@vppaafs τις@rpnms πατήρ@namsc αἰνέω@vifa3s εἰ@cs μή@b κακοδαίμων@annmp- υἱός@nnmpc"
"Arat._1.2","καί@cs φημί@vipa3s ὁ@damp ἀπό@p ἑαυτοῦ@rpgmp οὐδείς@rpgns ἄξιος@anamp- εἰμί@vppaamp ὑποδύομαι@vppeamp δέ@b πρόγονος@ngmpc τις@rpgcp ἀρετή@ndfpc καί@cs πλεονάζω@vppaamp ἐν@p ὁ@ddmp ἐκεῖνος@rpgmp ἔπαινος@ndmpc ὑπό@p ὁ@dgfs παροιμία@ngfsc ἀνατρέπω@vnpe-- ἀλλά@cs ὅς@rpdns γε@b φύσις@ndfsc ὁ@dnns γενναῖος@annns- ἐπιπρέπω@vipa3s ἐκ@p πατήρ@ngmpc κατά@p πίνδαρος@namsp ὥσπερ@cs σύ@rpdms πρός@p ὁ@dans καλός@ananss ἀφομοιόω@vppadms ὁ@dgnp οἴκοθεν@b παράδειγμα@ngnpc ὁ@dams βίος@namsc εὐδαίμων@annns- ἄν@b εἰμί@vopa3s ὁ@dnns μιμνήσκω@vnre-- ὁ@dgmp ἀπό@p γένος@ngnsc ἄριστος@angmp- ἀκούω@vppaamp περί@p ἑαυτοῦ@rpgmp ἀεί@b τις@rpans καί@b λέγω3@vppaamp"
"Arat._1.3","οὐ@b γάρ@b ἴδιος@angmp- πλυταρξη@nnmpc λιας@nnmpc ἀπορία@ndfsc καλός@angmp- ἐξαρτάω@vipa3p ἀλλότριος@angmp- ἔπαινος@ngmpc ὁ@dafs δόξα@nafsc ἀλλά@cs ὁ@ddmp ἐκεῖνος@rpgmp ὁ@danp οἰκεῖος@ananp- συνάπτω@vppanmp ὡς@cs καί@cs ὁ@dgns γένος@ngnsc καί@cs ὁ@dgns βίος@ngmsc καθηγεμών@nampc εὐφημέω@vipa3p διό@b καί@b ἐγώ@rpnms ὁ@dams ἄρατος@ngmsp ὁ@dgms σύ@angms- πολίτης@ngmsc καί@cs προπάτωρ@ngmsc βίος@namsc ὅς@rpams οὐ@b τε@cs ὁ@ddfs δόξα@ndfsc ὁ@ddfs περί@p σεαυτοῦ@rpams οὐ@b τε@cs ὁ@ddfs δύναμις@ndfsc καταισχύνω@vipa2s ἀποστέλλω@vira1s σύ@rpdcs συγγράφω@vpamnms οὐ@b ὡς@cs οὐ@b πᾶς@angnp- ἀκριβής@ananps σύ@rpdcs μελάω@vpraans ἐκ@p ἀρχή@ngfsc ἐπίσταμαι@vnpe-- ὁ@dafp ἐκεῖνος@rpgms πρᾶξις@nafpc"
"Arat._1.4","ἀλλά@cs ὅπως@cs ὁ@dnmp παῖς@nnmpc σύ@rpgms πολυκράτης@nnmsp καί@cs πυθοκλῆς@nnmsp οἰκεῖος@andnp- παράδειγμα@ndnpc ἐντρέπω@vspe3p ὁ@danp μέν@b ἀκούω@vppanmp ὁ@danp δέ@b ἀναγιγνώσκω@vppanmp ὅσπερ@rpanp αὐτός@rpamp μιμέομαι@vnpe-- προσήκω@vipa3s φιλότης@angms- γάρ@b ἀνήρ@ngmsc οὐ@b φιλόκαλος@ngmsc πᾶς@angns- ἀεί@b βέλτιστος@anamss ἡγέομαι@vnpm--"
"Arat._2.1","ὁ@dnfs σικυώνιος@ngmpp πόλις@nnfsc ἐπεί@cs ὁ@dans πρῶτος@anans- ἐκ@p ὁ@dgfs ἄκρατος@angfs- καί@cs δωρικός@angfs- ἀριστοκρατία@ngfsc ὥσπερ@b ἁρμονία@ngfsc συγχέω@vpapgfs εἰς@p στάσις@nafpc ἐμπίτνω@viaa3s καί@cs φιλοτιμία@nafpc δημαγωγός@ngmpc οὐ@b παύω@viam3s νοσέω@vppanfs καί@b ταράσσω@vppenfs καί@cs τύραννος@namsc ἐκ@p τύραννος@ngmsc μεταβάλλω@vppanfs μέχρι@p ὅς@rpgms κλέων@ngmsp ἀναιρέω@vpapgms αἱρέω@viam3p τιμοκλείδης@namsp ἄρχω@vppaams καί@cs κλεινίας@namsp ἀνήρ@nampc ἔνδοξος@anamp- ὁ@danp μάλιστα@b καί@b ἐν@p δύναμις@ndfsc ὁ@dgmp πολίτης@ngmpc εἰμί@vppaamp"
"Arat._2.2","ἤδη@b δέ@b τις@anafs- ὁ@dgfs πολιτεία@ngfsc κατάστασις@nafsc ἔχω@vnpa-- δοκέω@vppagfs τιμοκλείδας@nnmsp μέν@b ἀποθνῄσκω@viaa3s ἀβαντίδας@nnmsp δέ@cs ὁ@dnms πάσιος@ngmsp τυραννίς@nafsc πράσσω@vppanms ἑαυτοῦ@rpdms ὁ@dams κλεινίας@namsp ἀποκτείνω@viaa3s καί@cs ὁ@dgmp φίλος@ngmpc καί@cs οἰκεῖος@angmp- ὁ@damp μέν@b ἐκβάλλω@viaa3s ὁ@damp δέ@cs ἀναιρέω@viaa3s ζητέω@viia3s δέ@b καί@b ὁ@dams υἱός@namsc αὐτός@rpgms ἄρατος@namsp ἀναιρέω@vnaa-- ἑπταετής@anams- καταλιμπάνω@vpreams"
"Arat._2.3","ἐν@p δέ@b ὁ@ddfs περί@p ὁ@dafs οἰκία@nafsc ταραχή@ndfsc συνεκπίπτω@vpaanms ὁ@ddmp φεύγω@vppadmp ὁ@dnms παῖς@nnmsc καί@cs πλανάω@vppenms ἐν@p ὁ@ddfs πόλις@ndfsc περίφοβος@annms- καί@cs ἀβοήθητος@annms- κατά@p τύχη@nafsc λανθάνω@viaa3s εἰς@p οἰκία@nafsc παρέρχομαι@vpaanms γυνή@ngfsc ἀδελφή@ngfsc μέν@b ἀβαντίδης@ngmsp πρόφαντος@ndmsp δέ@cs ὁ@ddms κλεινίας@ngmsp ἀδελφός@ndmsc γαμέω@vpregfs ὄνομα@nansc σωσώ@ngmsp οὗτος@rpnfs δέ@b καί@b ὁ@dans ἦθος@nansc εἰμί@vppanfs γενναῖος@annfs- καί@cs σύν@p θεός@ndmsc τις@rpdms ὁ@dans παιδίον@nansc οἴομαι@vppenfs καταφεύγω@vnra-- πρός@p αὐτός@rpafs ἀποκρύπτω@viaa3s ἔνδον@b εἶτα@cs νύξ@ngfsc εἰς@p ἄργος@nansp ὑπεκπέμπω@viaa3s"
"Arat._3.1","οὕτως@b δέ@b ἐκκλέπτω@vpapdms ὁ@ddms ἄρατος@ndmsp καί@cs διαφεύγω@vpaadms ὁ@dams κίνδυνος@namsc εὐθύς2@b μέν@b ἐμφύω@viie3s καί@cs συναυξάνω@viie3s ὁ@dans σφοδρός@anans- καί@cs διάπυρος@anans- μῖσος@nansc ἐπί@p ὁ@damp τύραννος@nampc τρέφω@vppenms δέ@cs παρά@p ὁ@ddmp ἐν@p ἄργος@ndnsp ξένος1@ndmpc καί@cs φίλος@andmp- πατρῷος@andmp- ἐλευθέριος@b καί@cs ὁ@dans σῶμα@nansc βλαστάνω@vppaans ὁράω@vppanms εἰς@p εὐεξία@nafsc καί@cs μέγεθος@nansc ἐπιδίδωμι@viaa3s ἑαυτοῦ@rpams ἄσκησις@ndfsc ὁ@ddfs περί@p παλαίστρα@nafsc ὥστε@cs καί@b πένταθλος@namsc ἀγωνίζομαι@vnae-- καί@cs στέφανος@ngmpc τυγχάνω@vnaa--"
"Arat._3.2","ἐπιφαίνω@vipe3s δέ@b ἀμέλει@b καί@b ὁ@ddfp εἰκός@vpradmp ἀθλητικός@annfs- τις@annfs- ἰδέα@nnfsc καί@cs ὁ@dnns συνετός@annns- ὁ@dgns πρόσωπον@ngnsc καί@cs βασιλικός@annns- οὐ@b παντάπασι@b ἀρνέομαι@vipe3s ὁ@dafs ἀδηφαγία@nafsc καί@cs ὁ@dans σκαφεῖον@nnnsc ὅθεν@b ἐνδεής@anansc ἴσως@b ἤ1@cs πολιτικός@andns- προσήκω@vppanns εἰμί@viia3s ἀνήρ@ndmsc περί@p ὁ@dams λόγος@namsc σπουδάζω@viaa3s καίτοι@cs γίγνομαι@vnra-- κομψός@anansc εἶπον@vnaa-- ἤ1@cs δοκέω@vipa3s τις@rpdmp ἐκ@p ὁ@dgnp ὑπόμνημα@ngnpc κρίνω@vppadmp ὅς@rpanp πάρεργος@b καί@cs ὑπό@p χείρ@nafsc διά@p ὁ@dgnp ἐπιτυγχάνω@vpaagnp ὄνομα@ngnpc ἁμιλλάομαι@vpamnms καταλιμπάνω@viaa3s"
"Arat._3.3","χρόνος@ndmsc δέ@b ὕστερος@anans- ἀβαντίδας@namsp μέν@b ὁ@dnmp περί@p δεινίας@namsp καί@cs ἀριστοτέλης@namsp ὁ@dams διαλεκτικός@anams- ἔθω@vpraams ὁ@ddmp λόγος@ndmpc αὐτός@rpgmp κατά@p ἀγορά@nafsc σχολάζω@vppagmp ἑκάστοτε@b πάρειμι@vnpa-- καί@cs συμφιλονεικέω@vnpa-- ἐμβάλλω@vpaanmp εἰς@p τοιοῦτος@anafs- διατριβή@nafsc καί@cs κατασκευάζω@vpaanmp ἐπιβουλή@nafsc ἀναιρέω@viaa3p πασέας@namsp δέ@cs ὁ@dams ἀβαντίδης@ngmsp πατήρ@namsc ὁ@dafs ἀρχή@nafsc ὑπολαμβάνω@vpaaams νικοκλῆς@nnmsp δολοφονέω@vpaanms ἑαυτοῦ@rpams ἀναδείκνυμι@viaa3s τύραννος@namsc"
"Arat._3.4","οὗτος@rpams ἐμφερής@anamss λέγω3@vipa3p ὁ@dafs ὄψις@nafsc περίανδρος@ndmsp ὁ@ddms κύψελος@ngmsp γίγνομαι@vnam-- καθά@cs ἀλκμαίων@ndmsp μέν@b ὁ@ddms ἀμφιάραος@ngmsp ὁ@dams πέρσης@namsp ὀρόντης@namsp ἕκτωρ@ndmsp δέ@cs ὁ@dams λακεδαιμόνιος@anams- νεανίσκος@namsc ὅς@rpams ἱστορέω@vipa3s μυρτίλος@nnmsp ὑπό@p πλῆθος@ngnsc ὁ@dgmp θεάομαι@vppegmp ὡς@cs οὗτος@rpans γιγνώσκω@viaa3p καταπατέω@vnap--"
"Arat._4.1","ὁ@dgms δέ@b νικοκλῆς@ngmsp τέσσαρες@anamp- μείς@nampc τυραννεύω@vppagms ἐν@p ὅς@rpdmp πολύς@ananp- κακός@ananp- ὁ@dafs πόλις@nafsc ἐργάζομαι@vpamnms κινδυνεύω@viaa3s ὑπό@p αἰτωλοί@ngmpp ἐπιβουλεύω@vppeafs αὐτός@rpafs ἀποβάλλω@vnaa-- ἤδη@b μειράκιον@nnnsc ὁ@dnms ἄρατος@nnmsp εἰμί@vppanns ἀξίωμα@nansc λαμπρός@anans- ἔχω@viia3s διά@p εὐγένεια@nafsc καί@cs φρόνημα@nansc ὅς@rpans διαφαίνω@viia3s οὐ@b μικρός@anans- οὐ@b δέ@cs ἀργός2@anans- ἐμβριθής@anans- δέ@cs καί@cs παρά@p ἡλικία@nafsc ἀσφαλής@andfsc γνώμη@ndfsc κεράννυμι@vpreans"
"Arat._4.2","ὅθεν@b ὅς@dnmp τε@b φυγάς@nnmpc μάλιστα@b ὁ@dams νόος@namsc ἐκεῖνος@rpdms προσέχω@viia3p ὅς@cs τε@cs νικοκλῆς@nnmsp οὐ@b ἀμελέω@viia3s ὁ@dgnp πράσσω@vppegnp ἀλλά@cs ἄδηλος@b ἀποθεωρέω@viia3s καί@cs παραφυλάσσω@viia3s ἑαυτοῦ@rpgms ὁ@dafs ὁρμή@nafsc τόλμημα@nansc μέν@b οὐδείς@anans- τηλικοῦτος@anans- δείδω@vpranms οὐ@b δέ@cs ἔργον@nansc οὐδείς@anans- οὕτως@b διακινδυνεύω@vpreans ὑποπτεύω@vppanms δέ@cs ὁ@ddmp βασιλεύς@ndmpc αὐτός@rpams διαλέγω@vnpe-- φίλος@ndmpc εἰμί@vppadmp καί@cs ξένος1@andmp- πατρῷος@andmp-"
"Arat._4.3","καί@b γάρ@b ἀληθής@b ὁ@dnms ἄρατος@nnmsp ἐπιχειρέω@viaa3s ὁ@dafs ὁδός@nafsc ἐκεῖνος@anafs- βαδίζω@vnpa-- ὡς@cs δέ@b ἀντίγονος@nnmsp μέν@b ὑπισχνέομαι@vppenms ἀμελέω@viia3s καί@b παράγω@viia3s ὁ@dams χρόνος@namsc ὁ@dnfp δέ@cs ἀπό@p αἴγυπτος@ngfsp καί@cs παρά@p πτολεμαῖος@ngmsp μακράν@b εἰμί@viia3p ἐλπίς@nnfpc γιγνώσκω@viaa3s διά@p ἑαυτοῦ@rpgms καταλύω@vnpa-- ὁ@dams τύραννος@namsc"
"Arat._5.1","πρῶτος@andmp- δέ@b κοινόω@vipe3s ὁ@dafs γνώμη@nafsc ἀριστόβουλος@ndmsp καί@cs εὔδηλος@ndmsp οὗτος@rpgmp ὁ@dnms μέν@b ἐκ@p σικυών@ngfsp εἰμί@viia3s φυγάς@nnmsc ὁ@dnms δέ@cs ἔκδηλος@nnmsp ἀρκάς@nnmsp ἐκ@p μέγας@angfs- πόλις@ngfsc ἀνήρ@nnmsc φιλόσοφος@nnmsc καί@cs πρακτικός@annms- ἀρκεσίλαος@ngmsp ὁ@dgms ἀκαδημιακός@angms- γίγνομαι@vpranms ἐν@p ἄστυ@ndnsc συνήθης@annms-"
"Arat._5.2","δέχομαι@vpaegnp δέ@b οὗτος@rpgnp πρόθυμος@b διαλέγω@viie3s ὁ@ddmp ἄλλος@andmp- φυγάς@ndmpc ὅς@rpgmp ὀλίγος@annmp- μέν@b αἰσχύνω@vpapnmp ἐγκαταλιπάω@vnfa-- ὁ@dafs ἐλπίς@nafsc μετέχω@viia3p ὁ@dgnp πράσσω@vppegnp ὁ@dnmp δέ@cs πολύς@annmp- καί@b ὁ@dams ἄρατος@namsp πειράω@viie3p κατακωλύω@vnpa-- ὡς@b ἀπειρία@ndfsc πρᾶγμα@ngnpc θρασύνω@vppeams"
"Arat._5.3","βουλεύω@vppegms δέ@b αὐτός@rpgms χωρίον@nansc τις@anans- ὁ@dgfs σικυώνιος@ngfsp καταλαμβάνω@vnaa-- ὅθεν@b ὁρμάω@vprenms διαπολεμέω@vifa3s πρός@p ὁ@dams τύραννος@namsc ἥκω@viia3s εἰς@p ἄργος@nansp ἀνήρ@nnmsc σικυώνιος@annms- ἐκ@p ὁ@dgfs εἱρκτή@angfs- ἀποδιδράσκω@vpranms εἰμί@viia3s δέ@b ὁ@dgmp φυγάς@ngmpc εἷς@ngmsc ξενοκλέης@ngmsp ἀδελφός@nnmsc καί@b ὁ@ddms ἄρατος@ndmsp προσάγω@vpapnms ὑπό@p ὁ@dgms ξενοκλέης@ngmsp λέγω3@viia3s ὁ@dgns τεῖχος@ngnsc κατά@p ὅς@rpams ὑπερβαίνω@vpaanms αὐτός@rpnms σώζω@viap3s τόπος@namsc ἐντός@b μέν@b ὀλίγος@angns- δεῖ@vnpa-- ἐπίπεδος@anans- εἰμί@vnpa-- προσφύω@vpraams χωρίον@ndnpc πετρώδης@andnp- καί@cs ὑψηλός@andnp- ὁ@dnns δέ@cs ἔξωθεν@b ὕψος@nnnsc ὑπό@p κλῖμαξ@ngfpc οὐ@b πάνυ@b ἀνέφικτος@anans-"
"Arat._5.4","ὡς@cs δέ@b οὗτος@rpanp ἀκούω@viaa3s ὁ@dnms ἄρατος@nnmsp ἐκπέμπω@vipa3s μετά@p ὁ@dgms ξενοκλέης@ngmsp οἰκέτης@nampc ἴδιος@anamp- δύο@an---- σεύω@namsp τε@b καί@cs τέχνων@namsp κατάσκέπτομαι@vpfmamp ὁ@dans τεῖχος@nansc γιγνώσκω@vpranms εἰ@cs δύναμαι@vope3s κρύφα@b καί@cs πρός@p εἷς@anams- κίνδυνος@namsc ὀξέως@b ὁ@dans πᾶς@anans- ἀναρρίπτω@vnaa-- μᾶλλον@b ἤ1@cs μακρός@andms- πόλεμος@ndmsc καί@cs φανερός@andmp- ἀγών@ndmpc ἰδιώτης@nnmpc ἀντικαθίστασθαι@vnpe-- πρός@p τύραννος@namsc"
"Arat._5.5","ὡς@cs δέ@b ἐπανέρχομαι@viaa3p ὁ@dnmp περί@p ὁ@dams ξενοκλέης@namsp ὁ@dgns μέν@b τεῖχος@ngnsc λαμβάνω@vpranmp μέτρον@nanpc καί@cs ὁ@dgms τόπος@ngmsc ὁ@dafs φύσις@nafsc ἀπαγγέλλω@vppanmp οὐ@b ἄπορος@anafs- οὐ@b δέ@cs χαλεπός@anafs- ὁ@dans δέ@cs λανθάνω@vnaa-- προσέρχομαι@vpaaamp ἐργώδης@anans- εἰμί@vnpa-- φάσκω@vppanmp ὑπό@p κηπουρός@angms- τις@angms- κυνάριον@ngnpc μικρός@angnp- μέν@b ἔκτοπος@b δέ@cs μάχιμος@angmp- καί@cs ἀπαρηγορήτω@angmp- εὐθύς2@b ἐνίστημι@viie3s ὁ@dafs πρᾶξις@nafsc"
"Arat._6.1","ὁ@dnfs μέν@b οὖν@b ὁ@dgnp ὅπλον@ngnpc παρασκευή@nnfsc συνήθης@annfs- εἰμί@viia3s πᾶς@angnp- ὡς@cs ἔπος@nnnsc εἶπον@vnaa-- τότε@b κλώπεια@ndfpc χράομαι@vppegnp καί@cs καταδρομή@ndfpc ἐπί@p ἀλλήλων@rpamp ὁ@dafp δέ@b κλῖμαξ@nafpc εὐφράνωρ@nnmsp ὁ@dnms μηχανοποιός@nnmsc ἀναφανδόν@b ἐπάγω@viam3s ὁ@dgfs τέχνη@ngfsc αὐτός@rpdms ὁ@dans ἀνύποπτος@anans- δίδωμι@vppagfs ἐπεί@cs καί@b αὐτός@rpnms εἰμί@viia3s ὁ@dgmp φυγάς@ngmpc"
"Arat._6.2","ἀνήρ@nampc δέ@b αὐτός@rpdms ὁ@dgmp μέν@b ἐν@p ἄργος@ndnsp φίλος@ngmpc ἕκαστος@annms- ἐκ@p ὀλίγος@angmp- δέκα@an---- παρέχω@viaa3s αὐτός@rpnms δέ@cs ὁ@dgmp ἴδιος@angmp- οἰκέτης@ngmpc τριάκοντα@an---- καθοπλίζω@viaa3s μισθόω@viam3s δέ@b καί@b διά@p πρῶτος@ngmsp ξενοφίλος@ngmsp ὁ@dgmp ἀρχικλώψ@ngmpc οὐ@b πολύς@anamp- στρατιώτης@nampc ὅς@rpdmp διαδίδωμι@viap3s λόγος@nnmsc ὡς@cs ἐπί@p ὁ@dafp ἵππος@nafpc ὁ@dafp βασιλικός@anafp- εἰς@p ὁ@dafs σικυώνιος@nafsp ἔξοδος1@annfs- εἰμί@vofm3s καί@b προπέμπω@viap3p ὁ@dnmp πολύς@annmp- σποράς@nnmpc ἐπί@p ὁ@dams πολύγνωτος@ngmsp πύργος@namsc ἐκεῖ@b κελεύω@vpapnmp περιμένω@vnaa--"
"Arat._6.3","προπέμπω@viap3s δέ@b καί@b καφισίας@nnmsp ὑπό@p αὐτός@rpgms μετά@p τέσσαρες@ ἄλλος@rpgmp εὔζωνος@annms- ὅς@rpamp δεῖ@viia3s πρός@p ὁ@dams κηπουρός@namsc ἀφικνέομαι@vnam-- σκοταῖος@anamp- φάσκω@vppaamp ὁδοιπόρος@nampc εἰμί@vnpa-- καί@cs καταυλίζω@vpamamp αὐτός@rpams τε@b συγκλείω@vnaa-- καί@cs ὁ@damp κύων@nampc οὐ@b γάρ@b εἰμί@viia3s ἄλλῃ@b παρέρχομαι@vnaa-- ὁ@dafp δέ@b κλῖμαξ@nafpc διαλυτής@anafp- εἰμί@vppaafp ἐμβάλλω@vpaanmp εἰς@p ἀχεύω@nafpc καί@cs κατακαλύπτω@vpaanmp ἐπί@p ἄμαξα@ngfpc προαποστέλλω@viaa3p"
"Arat._6.4","ἐν@p οὗτος@rpdns δέ@b κατάσκοπος@ngmpc τις@angmp- ἐν@p ἄργος@ndnsp ὁ@dgms νικοκλῆς@ngmsp φαίνω@vpapgmp καί@cs περίεἶμι@vnpa-- λέγω3@vppegmp ἄδηλος@b καί@cs παραφυλάσσω@vnpa-- ὁ@dams ἄρατος@namsp ἅμα@p ἡμέρα@ndfsc προέρχομαι@vpaanms καί@cs φανερός@annms- εἰμί@vppanms ἐν@p ἀγορά@ndfsc διατρίβω@viia3s μετά@p ὁ@dgmp φίλος@ngmpc εἶτα@cs ἀλείφω@vpamnms ἐν@p ὁ@ddns γυμνάσιον@ndnsc καί@cs παραλαμβάνω@vpaanms τις@rpamp ἐκ@p ὁ@dgfs παλαίστρα@ngfsc ὁ@dgmp ἔθω@vpragmp πίνω@vnpa-- καί@cs ῥᾳθυμέω@vnpa-- μετά@p αὐτός@rpgms νεανίσκος@ngmpc ἀπάγω@viia3s οἴκαδε@b καί@b μετά@p μικρός@anans- ὁράω@viie3s ὁ@dgmp οἰκέτης@ngmpc αὐτός@rpgms διά@p ἀγορά@ngfsc ὁ@dnms μέν@b στέφανος@nampc φέρω@vppanms ὁ@dnms δέ@b λαμπάς2@nafpc ὠνέομαι@vppenms ὁ@dnms δέ@cs ὁ@ddmp ἐθίζω@vpredmp παρά@p πότος@namsc ψάλλω@vnpa-- καί@cs αὐλέω@vnpa-- γύναιος@ndnpc διαλέγω@vppenms"
"Arat._6.5","οὗτος@rpanp δέ@b ὁ@dnmp κατάσκοπος@nnmpc πᾶς@ananp- ὁράω@vppanmp ἐξαπατάω@viie3p καί@cs πρός@p ἀλλήλων@rpamp ἀναγελάω@vppanmp λέγω3@viia3p οὐδείς@rpnns εἰμί@viia3s ἄρα@b τύραννος@ngmsc δειλός@annnsc εἰ@cs καί@b νικοκλῆς@nnmsp τηλικοῦτος@anafs- πόλις@nafsc ἔχω@vppanms καί@cs τοσοῦτος@anafs- δύναμις@nafsc ὀρρωδέω@vipa3s μειράκιον@nansc εἰς@p ἡδονή@nafpc καί@cs πότος@nampc μεθημερινός@anamp- ὁ@danp ὁ@dgfs φυγή@ngfsc ἐφόδια@nanpc καταχράομαι@vppeams"
"Arat._7.1","ὁ@dnmp μέν@b οὖν@b οὕτως@b παραλογίζομαι@vpapnmp ἀπαλλάσσω@viap3p ὁ@dnms δέ@b ἄρατος@nnmsp εὐθύς2@b μετά@p ἄριστον@nansc ἐξέρχομαι@vpaanms καί@cs συνάπτω@vpaanms πρός@p ὁ@dams πολύγνωτος@ngmsp πύργος@namsc ὁ@ddmp στρατιώτης@ndmpc εἰς@p νεμέα@nafsp προάγω@viia3s ὅπου@b ὁ@dafs πρᾶξις@nafsc ἐκφαίνω@viaa3s ὁ@ddmp πολύς@andmp- τότε@b πρῶτος@anans- ὑπόσχεσις@nafpc τε@cs καί@cs παράκλησις@nafpc ποιέω@viam3s"
"Arat._7.2","καί@b σύνθημα@nansc παραδίδωμι@vpaanms ἀπόλλων@namsp ὑπερδέξιος@anams- προάγω@viia3s ἐπί@p ὁ@dafs πόλις@nafsc σύμμετρος@b ὁ@ddfs περιφορά@ndfsc ὁ@dgfs σελήνη@ngfsc ἐπιταχύνω@vppanms καί@cs πάλιν@b ἀνίημι@vppanms ὁ@dafs πορεία@nafsc ὥστε@cs ὁ@ddms μέν@b φώς@ndmsc χράω@vnpe-- κατά@p ὁδός@namsc ἤδη@b δέ@cs δύω@vppegfs περί@p ὁ@dams κῆπος@namsc εἰμί@vnpa-- πλησίος@p ὁ@dgns τεῖχος@ngnsc"
"Arat._7.3","ἐνταῦθα@b καφισίας@nnmsp ἀπαντάω@viaa3s αὐτός@rpdms ὁ@dgnp μέν@b κυνάριον@ngfpc οὐ@b κρατέω@vpaanms φθάνω@viaa3s γάρ@b ἀποπηδάω@vpaaams ὁ@dams δέ@cs κηπουρός@namsc ἀποκλείω@vpranms ἄθυμος@anamp- δέ@b ὁ@damp πλεῖστος@anamp- γίγνομαι@vpamamp καί@cs κελεύω@vppaamp ἀπαλλάσσω@vnpe-- παραθαρσύνω@viia3s ὁ@dnms ἄρατος@nnmsp ὡς@b ἀπάγω@vpfanms ἄν@cs ὁ@dnmp κύων@nnmpc ἄγαν@b ἐνοχλέω@vspa3p αὐτός@rpdmp"
"Arat._7.4","ἅμα@b δέ@b ὁ@damp ὁ@dafp κλῖμαξ@nafpc φέρω@vppaamp προπέμπω@vpaanms ὅς@rpgfp ἔκδηλος@nnmsp ἡγέομαι@viie3s καί@cs μνασίθεος@nnmsp αὐτός@rpnms ἐπακολουθέω@viia3s σχολαῖος@b ἤδη@b ὁ@dgmp κυνάριον@ngmpc εὔτονος@b ὑλακτέω@vppagmp καί@cs συμπαρατρέχω@vppagmp ὁ@ddmp περί@p ὁ@dams ἔκδηλος@namsp οὐ@b μήν@b ἀλλά@b προσμείγνυμι@viaa3p τε@b ὁ@ddns τεῖχος@ndnsc καί@cs προσερείδω@viaa3p ὁ@dafp κλῖμαξ@nafpc ἀσφαλής@b ἀναβαίνω@vppagmp δέ@b ὁ@dgmp πρῶτος@angmp-"
"Arat._7.5","ὁ@dnms ὁ@dafs ἑωθινός@anafs- φυλακή@nafsc παραδίδωμι@vppanms ἐφοδεύω@viia3s κώδων@ndmsc καί@cs φώς@nnnpc πολύς@annfd- καί@cs θόρυβος@nnmsc εἰμί@viia3s ὁ@dgmp ἐπιπορεύομαι@vppegmp ὁ@dnmp δέ@b ὥσπερ@cs ἔχω@viia3p αὐτός@b πτήσσω@vpaanmp ἐπί@p ὁ@dgfp κλῖμαξ@ngfpc οὗτος@rpamp μέν@b οὐ@b χαλεπός@b λανθάνω@viaa3p ἄλλος@angfs- δέ@cs φυλακή@ngfsc ἐναντίος@angfs- οὗτος@b προσέρχομαι@vppegfs εἰς@p ὁ@dams ἔσχατος@anams- κίνδυνος@namsc ἔρχομαι@viaa3p"
"Arat._7.6","ὡς@cs δέ@b καί@b ἐκεῖνος@rpafs διαφεύγω@viaa3p παρέρχομαι@vpaaafs εὐθύς2@b ἀναβαίνω@viia3p ὁ@dnmp πρῶτος@annmp- μνασίθεος@nnmsp καί@cs ἔκδηλος@nnmsp καί@cs ὁ@dafp ἑκατέρωθεν@b ὁδός@nafpc ὁ@dgns τεῖχος@ngnsc διαλαμβάνω@vpaanmp ἀποστέλλω@viaa3p τέχνων@namsp πρός@p ἄρατος@namsp ἐπείγω@vnpe-- κελεύω@vppanmp"
"Arat._8.1","εἰμί@viia3s δέ@b οὐ@b πολύς@anans- διάστημα@nnnsc ἀπό@p ὁ@dgms κῆπος@ngmsc πρός@p ὁ@dans τεῖχος@nansc καί@cs ὁ@dams πύργος@namsc ἐν@p ὅς@rpdms κύων@nnmsc μέγας@annms- φρουρέω@viia3s θηρατικός@annms- αὐτός@rpnms μέν@b οὖν@b οὐ@b αἰσθάνομαι@viam3s ὁ@dafs ἔφοδος3@nafsc εἰ@cs τε@b φύσις@ndfsc νωθής@annms- εἰμί@vppanms εἰ@cs τε@cs μετά@p ἡμέρα@nafsc κατάκοπος@annms- γίγνομαι@vpranms ὁ@dgnp δέ@b ὁ@dgms κηπουρός@ngmsc κυνάριον@ngnpc κάτωθεν@b ἐκκαλέω@vppegfp αὐτός@rpams ὑποφθέγγομαι@viie3s τυφλός@anams- καί@cs ἄσημος@anams- ὁ@dans πρῶτος@anans- εἶτα@cs μᾶλλον@b ἐπιτείνω@viaa3s παρέρχομαι@vppegmp"
"Arat._8.2","καί@b κατέχω@viia3s ἤδη@b πολύς@annms- ὑλαγμός@nnmsc ὁ@dans χωρίον@nansc ὥστε@cs ὁ@dams πέραν@b φύλαξ@namsc κραυγή@ndfsc μέγας@andfs- πυνθάνομαι@vnpe-- ὁ@dgms κυνηγός@ngmsc πρός@p τις@rpanp τραχύς@b οὕτως@b ὁ@dnms κύων@nnmsc ὑλακτέω@vipa3s καί@cs μή@b τις@rpnns γίγνομαι@vipe3s καινός@annnsc ὁ@dnms δέ@b ἀπό@p ὁ@dgms πύργος@ngmsc αὐτός@rpdms ἀντιφωνέω@viaa3s μηδείς@rpans εἰμί@vnpa-- δεινός@anans- ἀλλά@cs ὁ@dams κύων@namsc πρός@p ὁ@dans φάος@nansc ὁ@dgmp τειχοφύλαξ@ngmpc καί@cs ὁ@dams ψόφος@namsc ὁ@dgms κώδων@ngmsc παροξύνω@vnre--"
"Arat._8.3","οὗτος@rpans μάλιστα@b ὁ@damp ἄρατος@ngmsp στρατιώτης@nampc ἐπιρρώννυμι@viaa3s οἴομαι@vppeamp ὁ@dams κυνηγός@namsc ἐπικρύπτω@vnpa-- κοινωνέω@vppaams ὁ@ddfs πρᾶξις@ndfsc εἰμί@vnpa-- δέ@cs πολύς@anamp- καί@b ἄλλος@rpamp ἐν@p ὁ@ddfs πόλις@ndfsc ὁ@damp συνεργέω@vppaamp οὐ@b μήν@b ἀλλά@b ὁ@ddns τεῖχος@ndnsc προσβάλλω@vpaagmp χαλεπός@annms- εἰμί@viia3s ὁ@dnms κίνδυνος@nnmsc καί@cs μῆκος@nansc λαμβάνω@viia3s ὁ@dgfp κλῖμαξ@ngfpc κραδαίνω@vppegfp εἰ@cs μή@b κατά@p εἷς@anams- καί@cs σχολαῖος@b ἀναβαίνω@vopa3p ὁ@dnfs δέ@cs ὥρα@nnfsc κατέπειμι@viia3s ἤδη@b φθέγγομαι@vppegmp ἀλεκτρυών@ngmpc καί@cs ὅσος@anans- οὔπω@b ὁ@dgmp ἐκ@p ἀγρός@ngmsc τις@rpans φέρω@vnpa-- ἔθω@vpragmp πρός@p ἀγορά@nafsc ἐπέρχομαι@vppegmp"
"Arat._8.4","διό@b καί@b σπεύδω@vppanms ὁ@dnms ἄρατος@nnmsp ἀναβαίνω@viia3s τεσσαράκοντα@an---- ὁ@dgmp πᾶς@angmp- ἀναβαίνω@vpragmp πρό@p αὐτός@rpgms καί@b προσδέχομαι@vpamnms ἔτι@b ὁ@dgmp κάτωθεν@b ὀλίγος@anamp- ἐπί@p ὁ@dafs οἰκία@nafsc ὁ@dgms τύραννος@ngmsc καί@cs ὁ@dans στρατήγιον@nansc ἀνέρχομαι@viaa3s ἐνταῦθα@b γάρ@b ὁ@dnmp μισθοφόρος@annmp- παρανυκτερεύω@viia3p ἄφνω@b δέ@b ἐπιπίπτω@vpaanms αὐτός@rpdmp καί@cs συλλαμβάνω@vpaanms ἅπας@anamp- οὐδείς@rpams δέ@cs ἀποκτείνω@vpaanms εὐθύς2@b διαπέμπω@viie3s πρός@p ὁ@damp φίλος@ngnsc ἀνακαλέω@vppenms ἕκαστος@annns- ἀπό@p οἰκία@ngfsc"
"Arat._8.5","καί@b συντρέχω@vpaagmp πανταχόθεν@b ἡμέρα@nnfsc μέν@b ὑπολάμπω@viia3s ἤδη@b καί@cs ὁ@dnns θέατρον@nnnsc εἰμί@viia3s ὄχλος@ngmsc μεστός@annns- ἔτι@b πρός@p ὁ@dafs ἄδηλος@anafs- αἰωρέω@vppegmp φήμη@nafsc καί@cs σαφής@anans- οὐδείς@rpans οἶδα@vpragmp ὑπέρ@p ὁ@dgnp πράσσω@vppegnp πρίν@cs γε@b δή@b προέρχομαι@vpaanms ὁ@dnms κῆρυξ@nnmsc λέγω@viaa3s ὡς@cs ἄρατος@nnmsp ὁ@dnms κλεινίας@ngmsp παρακαλέω@vipa3s ὁ@damp πολίτης@nampc ἐπί@p ὁ@dafs ἐλευθερία@nafsc"
"Arat._9.1","τότε@b δέ@b πιστεύω@vpaanmp ἥκω@vnpa-- ὅς@rpdfs πάλαι@b προσδοκάω@viia3p ὁρμάω@viaa3p ἀθρόος@annmp- πρός@p ὁ@dafp θύρα@nafpc ὁ@dgms τύραννος@ngmsc πῦρ@nansc ἐπιφέρω@vppanmp αἴρω@viap3s δέ@b φλόξ@nnfsc μέγας@annfs- καί@cs καταφανής@annfs- μέχρι@p κ.@ngmsp ορίνθος@ngfsc ὁ@dgfs οἰκία@ngfsc ἀνάπτω@vpapgfs ὥστε@cs θαυμάζω@vpaaamp ὁ@damp ἐν@p κόρινθος@ndfsp παρά@p μικρός@anans- ὁρμάω@vnaa-- πρός@p ὁ@dafs βοήθεια@nafsc ὁ@dnms μέν@b οὖν@b νικοκλῆς@nnmsp λανθάνω@viaa3s διά@p τις@rpgmp ὑπόνομος@angmp- ὑπεκδύομαι@vpaanms καί@cs ἀποδιδράσκω@vpaanms ἐκ@p ὁ@dgfs πόλις@ngfsc"
"Arat._9.2","ὁ@dnmp δέ@cs στρατιώτης@nnmpc καταπαύω@vpaanmp μετά@p ὁ@dgmp σικυώνιος@ngmpp ὁ@dans πῦρ@nansc διαρπάζω@viia3p ὁ@dafs οἰκία@nafsc καί@b οὐ@b τε@b οὗτος@rpanp κωλύω@viaa3s ὁ@dnms ἄρατος@nnmsp ὁ@danp τε@cs λοιπός@ananp- χρῆμα@nanpc ὁ@dgmp τύραννος@ngmpc εἰς@p μέσος@anans- τίθημι@viaa3s ὁ@ddmp πολίτης@ndmpc ἀποθνήσκω@viaa3s δέ@b οὐδείς@rpnms οὐ@b δέ@cs τιτρώσκω@viap3s ὁ@dnns παράπαν@b ὁ@dgmp ἐπέρχομαι@vpaagmp οὐ@b δέ@cs ὁ@dgmp πολέμιος@ngmpc ἀλλά@cs καθαρός@anafs- καί@cs ἄθικτος@anafs- αἷμα@ngnsc ἐμφύλιος@angns- ὁ@dafs πρᾶξις@nafsc ὁ@dnfs τύχη@nnfsc διαφυλάσσω@viaa3s"
"Arat._9.3","κατάγω@viaa3s δέ@b φυγάς@nampc ὁ@damp μέν@b ὑπό@p νικοκλῆς@ngmsp ἐκπίπτω@vpraamp ὀγδοήκοντα@an---- ὁ@damp δέ@cs ἐπί@p ὁ@dgmp ἔμπροσθεν@b τύραννος@ngmpc οὐ@b ἐλάσσων@anampc πεντακόσιοι@angmp- ὅς@rpdmp μακρός@annfs- μέν@b ὁ@dnfs πλάνη@nnfsc καί@cs ὁμοῦ@b τις@rpans πεντηκονταετής@annms- γίγνομαι@vila3s κατέρχομαι@vpaanmp δέ@b ὁ@dnmp πολύς@annmp- πένης@nnmpc ὅς@rpgmp κύριος@annmp- πρότερος@anans- εἰμί@viia3p ἐπιλαμβάνω@viie3p καί@cs βαδίζω@vppanmp ἐπί@p ὁ@danp χωρίον@nanpc καί@cs ὁ@dafp οἰκία@nafpc δεινός@anafs- ἀπορία@nafsc ὁ@ddms ἄρατος@ndmsp παρέχω@viia3p ἐπιβουλεύω@vppeafs μέν@b ἔξωθεν@b καί@cs φθονέω@vppeafs ὑπό@p ἀντίγονος@ngmsp ὁ@dafs πόλις@nafsc ὁράω@vppadms διά@p ὁ@dafs ἐλευθερία@nafsc ταράσσω@vppeafs δέ@cs ὑπό@p ἑαυτοῦ@rpgfs καί@cs στασιάζω@vppaafs"
"Arat._9.4","ὅθεν@b ἐκ@p ὁ@dgnp πάρειμι1@vppagnp ἄριστος@nanpc κρίνω@vpaanms προσμείγνυμι@viaa3s αὐτός@rpafs φέρω@vppanms ὁ@ddmp ἀχαιός@ndmpp καί@b δωριεύς@nnmpp εἰμί@vppanmp ὑποδύομαι@viaa3p ἑκούσιος@b ὄνομα@nansc καί@cs πολιτεία@nafsc ὁ@dafs ἀχαιός@ngmpp οὐ@b τε@b ἀξίωμα@nansc λαμπρός@anans- οὐ@b τε@cs μέγας@anafs- ἰσχύς@nafsc ἔχω@vppagmp τότε@b μικροπολίτης@nnmpc γάρ@b εἰμί@viia3p ὁ@dnmp πολύς@annmp- καί@b γῆ@nafsc οὐ@b τε@b χρηστός@anafs- οὐ@b τε@cs ἄφθονος@anafs- κτάομαι@vile3p καί@cs θάλασσα@ndfsc πρόσοικος@viia3p ἀλίμενος@andfs- ὁ@danp πολύς@ananp- κατά@p ῥαχία@nafpc ἐκφέρω@vppedfs πρός@p ὁ@dafs ἤπειρος@nafsc"
"Arat._9.5","ἀλλά@b μάλιστα@b δή@b ἐπιδείκνυμι@viaa3p οὗτος@rpnmp ὁ@dafs ἑλληνικός@anafs- ἀλκή@nafsc ἀπρόσμαχος@anafs- εἰμί@vppaafs ὁσάκις@b τυγχάνω@voaa3s κόσμος@ngmsc καί@cs σύνταξις@ngfsc ὁμοφρονέω@vppagfs καί@cs νόος@namsc ἔχω@vppagms ἡγεμών@ngmsc ὅς@rpnmp ὁ@dgfs μέν@b πάλαι@b ὁ@dgmp ἕλλην@ngmpp ἀκμή@ngfsc οὐδείς@anans- ὡς@cs εἶπον@vnaa-- μέρος@nnnsc εἰμί@vppanmp ἐν@p δέ@cs ὁ@ddns τότε@b εἷς@angfs- ἀξιόλογος@angfs- πόλις@ngfsc σύμπας@annmp- ὁμοῦ@b δύναμις@nafsc οὐ@b ἔχω@vppanmp"
"Arat._9.6","εὐβουλία@ndfsc καί@cs ὁμονοία@ndfsc καί@cs ὅτι@cs ὁ@ddns πρῶτος@andns- κατά@p ἀρετή@nafsc δύναμαι@viie3p μή@b φθονέω@vnpa-- ἀλλά@cs πείθω@vnpe-- καί@cs ἀκολουθέω@vnpa-- οὐ@b μόνος@anans- ἑαυτοῦ@rpamp ἐν@p μέσος@andns- πόλις@ngfpc καί@b δύναμις@ngfpc τηλικοῦτος@angfp- καί@cs τυραννίς@ngfpc διαφυλάσσω@viaa3p ἐλεύθερος@anamp- ἀλλά@cs καί@b ὁ@dgmp ἄλλος@angmp- ἕλλην@ngmpp ὡς@b πλεῖστος@anamp- ἐλευθερόω@vppanmp καί@cs σώζω@vppanmp διατελέω@viia3p"
"Arat._10.1","εἰμί@viia3s δέ@b ἄρατος@nnmsp ὁ@ddms τρόπος@ndmsc πολιτικός@annms- μεγαλόφρων@annms- ἀκριβής@annmsc εἰς@p ὁ@danp κοινός@ananp- μᾶλλον@b ὁ@dgmp ἴδιος@angmp- πικρός@b μισοτύρανος@annms- ἔχθρα@ngfsc ὅρος@ndmsc καί@cs φιλία@ngfsc ἀεί@b ὁ@ddns κοινός@andns- συμφέρω@vppadns χράομαι@vppenms"
"Arat._10.2","ὅθεν@b οὐ@b οὕτως@b δοκέω@vipa3s γίγνομαι@vnra-- φίλος@nnmsc ἀκριβής@annms- ὡς@cs ἐχθρός@nnmsc εὐγνώμων@annms- καί@cs πρᾶος@annms- ὑπό@p ὁ@dgfs πολιτεία@ngfsc ἐπί@p ἀμφότερος@andms- ὁ@ddms καιρός@ndmsc μεταβάλλω@vppenms ὁμόνοια@ngfsc ἔθνος@ngnpc καί@b κοινωνία@ngfsc πόλις@ngfpc καί@b συνέδριον@ngnsc καί@cs θέατρον@ngnsc εἷς@anafs- φωνή@nafsc ἀφίημι@vppagms ὡς@cs οὐδείς@rpgns ἄλλος@angns- ὁ@dgnp καλός@angnp- ἐραστής@nnmsc πόλεμος@ndmsc καί@cs ἀγών@ndmsc χράω2@vnam-- φανερός@b ἀθαρσής@annfs- καί@cs δύσελπις@annms- κλέπτω@vnaa-- δέ@cs πρᾶγμα@nanpc καί@cs συσκευάζω@vnam-- κρύφα@b πόλις@nafpc καί@cs τύραννος@nampc ἐπήβολος@annmss"
"Arat._10.3","διό@b καί@b πολύς@ananp- ὁ@dgnp ἀνέλπιστος@angnp- κατορθόω@vpaanms ἐν@p ὅς@rpdnp τολμάω@viaa3s οὐ@b ἐλάσσων@ananpc δοκέω@vipa3s ὁ@dgmp δυνατός@angmp- ἐγκαταλιπάω@vnaa-- διά@p εὐλάβεια@nafsc οὐ@b γάρ@b μόνος@b ὡς@cs ἔοικα@vira3s θηρίον@ngnpc τις@angnp- ὄψις@nnfpc ἐνεργός@annfp- διά@p σκότος@ngnsc εἰμί@vppanfp μετά@p ἡμέρα@nafsc ἀποτυφλόω@vipe3p ξηρότης@ndfsc καί@cs παχύτης@ndfsc ὁ@dgfs περί@p ὁ@dams ὀφθαλμός@namsc ὑγρότης@ngfsc μή@b φέρω@vppagfs ὁ@dafs πρός@p ὁ@dans φάος@nansc σύγκρασις@nafsc ἀλλά@cs καί@b δεινότης@nnfsc τις@rpncs εἰμί@vipa3s ἄνθρωπος@ngmsc καί@cs σύνεσις@nnfsc ἐν@p ὁ@ddnp ὕπαιθρος@andmp- καί@cs διακηρύσσω@vprednp εὐτάρακτος@annfs- φύσις@ndfsc πρός@p δέ@cs ὁ@dafp ἐπικράνθης@anafp- καί@cs λαθραῖος@anafp- ἀναθαρσέω@vppanfs πρᾶξις@nafpc"
"Arat._10.4","ὁ@dafs δέ@b τοιοῦτος@anafs- ἀνωμαλία@nafsc ἔνδεια@nnfsc λόγος@ngmsc φιλόσοφος@angms- περί@p ὁ@dafp εὐφυία@nafpc ἀπεργάζομαι@vipe3s ὁ@dafs ἀρετή@nafsc ὥσπερ@cs καρπός@namsc αὐτοφυής@anams- καί@cs ἀγεώργητος@anams- ἐκφέρω@vppaafp δίχα@p ὁ@dgfs ἐπιστήμη@ngfsc οὗτος@rpanp μέν@b οὖν@b ἐξετάζω@vmpe3s ὁ@ddnp παράδειγμα@ndnpc"
"Arat._11.1","ὁ@dnms δέ@b ἄρατος@nnmsp ἐπεί@cs καταμίγνυμι@viaa3s ὁ@ddmp ἀχαιός@ndmpp ἑαυτοῦ@rpams καί@cs ὁ@dafs πόλις@nafsc ἐν@p ὁ@ddmp ἱππεύς@ndmpc στρατεύω@vppenms ἀγαπάω@viie3s διά@p εὐπείθεια@nafsc ὑπό@p ὁ@dgmp ἄρχων@ngmpc ὅτι@cs καίπερ@b συμβολή@nafpc ὁ@ddns κοινός@andns- μέγας@anafp- δίδωμι@vpranms ὁ@dafs ἑαυτοῦ@rpgms δόξα@nafsc καί@cs ὁ@dafs ὁ@dgfs πατρίς@ngfsc δύναμις@nafsc ὡς@b εἷς@ndmsc ὁ@dgmp ἐπιτυγχάνω@vpaagmp χράω@vnpe-- παρέχω@viia3s ἑαυτοῦ@rpdms ὁ@dams ἀεί@b στρατηγέω@vppaams ὁ@dgmp ἀχαιός@ngmpp εἰ@cs τε@b δυμαῖος@nnmsp εἰ@cs τε@b τριταιεύς@nnmsp εἰ@cs τε@cs μικρός@angfsc τις@angfs- εἰμί@vppanms τυγχάνω@voaa3s πόλις@ngfsc"
"Arat._11.2","ἵημι@viaa3s δέ@b αὐτός@rpdms καί@b χρῆμα@ngnpc δωρεά@nnnpc παρά@p ὁ@dgms βασιλεύς@ngmsc πέντε@an---- καί@cs εἴκοσι@an---- τάλαντον@nnnpc οὗτος@rpanp λαμβάνω@viaa3s μέν@b ὁ@dnms ἄρατος@nnmsp λαμβάνω@vpaanms δέ@cs ὁ@ddmp ἑαυτοῦ@rpgms πολίτης@ndmpc ἐπιδίδωμι@viaa3s ἀπορέω@vppedmp εἰς@p τε@b ὁ@danp ἄλλος@rpanp καί@cs λύτρωσις@ndnpc αἰχμάλωτος@angmp-"
"Arat._12.1","ἐπεί@cs δέ@b ὁ@dnmp φυγάς@nnmpc εἰμί@viia3p ἀπαρηγόρητος@annmp- ὁ@ddmp ἔχω@vppadmp ὁ@dafp κτῆσις@nafpc ἐνοχλέω@vppanmp ὅς@dnfs τε@b πόλις@nafpc κινδυνεύω@viia3s ἀνάστατος@annfs- γίγνομαι@vnam-- εἷς@anafs- ὁράω@vppanms ἐλπίς@nafsc ὁ@dafs πτολεμαῖος@ngmsp φιλανθρωπία@nafsc ὁρμάω@viaa3s ἐκπλέω@vnaa-- καί@cs δέω2@vnap-- ὁ@dgms βασιλεύς@ngmsc ὅπως@cs αὐτός@rpdms χρῆμα@nnnpc συμβάλλω@vsam3s πρός@p ὁ@dafp διάλυσις@nafpc"
"Arat._12.2","ἀνάγω@viap3s μέν@b οὖν@b ἀπό@p μοθώνη@ngfsp ὑπέρ@p μαλέα@ngfsp ὡς@b ὁ@ddms διά@p πόρος@ngmsc δρόμος@ndmsc χράω2@vpfmnms πρός@p δέ@b μέγας@anans- πνεῦμα@nansc καί@cs πολύς@anafs- θάλασσα@nafsc ἐκ@p πέλαγος@ngnsc κάτειμι@vppaafs ἐνδίδωμι@vpaagms ὁ@dgms κυβερνήτης@ngmsc παραφέρω@vppenms μόλις@b ἅπτω@viam3s ὁ@dgfs ἀδρίας@ngfsp πολέμιος@angfs- εἰμί@vppagfs κρατέω@viie3s γάρ@b ὑπό@p ἀντίγονος@ngmsp καί@cs φυλακή@nafsc ἔχω@viia3s ὅς@rpgnp φθάνω@vpaanms ἀποβαίνω@viaa3s καί@cs ὁ@dafs ναῦς@nafsc καταλιμπάνω@vpaanms ἀποχωρέω@viaa3s μακράν@b ἀπό@p θάλασσα@ngfsc ἔχω@vppanms εἷς@namsc ὁ@dgmp φίλος@ngmpc σύν@p ἑαυτοῦ@rpdms τιμάνθης@namsp"
"Arat._12.3","καί@b καταβάλλω@vpaanmp ἑαυτοῦ@rpamp εἰς@p τις@anams- τόπος@namsc ὕλη@ngfsc γέμω@namsc χαλεπός@b ἐνυκτερίζω@viia3p ὀλίγος@andns- δέ@b ὕστερος@anans- ὁ@dnms φρούραρχος@nnmsc ἐπέρχομαι@vpaanms καί@cs ζητέω@vppanms ὁ@dams ἄρατος@namsp ὑπό@p ὁ@dgmp θεράπων@ngmpc ἐξαπατάω@viap3s ὁ@dgmp ἐκεῖνος@rpgms διδάσκω@vpregmp λέγω3@vnpa-- ὡς@cs εὐθύς2@b ἀποδιδράσκω@vpaanms εἰς@p εὔβοια@nafsp ἐκπλέω@viaa3s ὁ@danp μέντοι@b κομίζω@vppennp καί@b ὁ@dafs ναῦς@nafsc καί@cs ὁ@damp θεράπων@nampc ἀποφαίνω@viaa3s πολέμιος@ananp- καί@cs κατέχω@viaa3s"
"Arat._12.4","μετά@p δέ@b ἡμέρα@nafpc οὐ@b πολύς@anafp- ἐν@p ἄπορος@andmp- εἰμί@vppadms ὁ@ddms ἄρατος@ndmsp γίγνομαι@vipe3s τις@annfs- εὐτυχία@nnfsc ῥωμαῖος@angfs- ναῦς@ngfsc παραβάλλω@vpaagfs κατά@p ὁ@dams τόπος@namsc ἐν@p ὅς@rpdms ὁ@danp μέν@b ἐπί@p σκοπή@nafsc ἄνειμι@vppanms ὁ@danp δέ@cs κρύπτω@vppenms διάγω@viia3s πλέω@viia3s μέν@b οὖν@b ὁ@dnfs ναῦς@nnfsc εἰς@p συρία@nafsp ἐπιβαίνω@viaa3s δέ@cs πείθω@vpaanms ὁ@dams ναύκληρος@namsc ἄχρι@p καρία@ngfsp διακομίζω@vnap-- καί@b διακομίζω@viap3s κίνδυνος@ndmpc αὖθις@b οὐ@b ἐλάσσων@andmpc χράω2@vpamnms κατά@p θάλασσα@nafsc"
"Arat._12.5","ἐκ@p δέ@b καρία@ngfsp χρόνος@ndmsc πολύς@andms- περαιόω@vpapnms εἰς@p αἴγυπτος@nafsp αὐτός@b τε@b ὁ@ddms βασιλεύς@ndmsc διάκειμαι@vpredms πρός@p αὐτός@rpams οἰκεῖος@b ἐντυγχάνω@viaa3s καί@cs θεραπεύω@vpredms γραφή@ndfpc καί@cs πίναξ@ndmpc ἀπό@p ὁ@dgfs ἑλλάς@ngfsp ἐν@p ὅς@rpdnp κρίσις@nafsc ἔχω@vppanms οὐ@b ἄμουσος@anafs- ὁ@dnms ἄρατος@nnmsp ἀεί@b τις@rpans ὁ@dgnp τεχνικός@angnp- καί@cs περισσός@angnp- μάλιστα@b δέ@cs πάμφιλος@ngmsp καί@cs μελάνθος@ngmsp συνάγω@vppanms καί@cs κτάομαι@vppenms ἀποστέλλω@viaa3s"
"Arat._13.1","ἀνθέω@viia3s γάρ@b ἔτι@b δόξα@nnfsc ὁ@dgfs σικυώνιος@ngfsp μοῦσαι@angfs- καί@cs χρηστογραφία@ngfsc ὡς@b μόνος@angfs- ἀδιάφθορος@anans- ἔχω@vppagfs ὁ@dans καλός@anans- ὥστε@cs καί@b ἀπελλᾶς@namsp ἐκεῖνος@anams- ἤδη@b θαυμάζω@vppeams ἀφικνέομαι@vnam-- καί@cs συγγίγνομαι@vnam-- ὁ@ddmp ἀνήρ@ndmpc ἐπί@p τάλαντον@ndnsc ὁ@dgfs δόξα@ngfsc μᾶλλον@b ἤ1@cs ὁ@dgfs τέχνη@ngfsc δέω@vppeams μεταλαμβάνω@vnaa-- διό@b ὁ@dafp μέν@b ἄλλος@anafp- εἰκών@nafpc ὁ@dgmp τύραννος@ngmpc ἀναιρέω@viaa3s εὐθύς2@b ὁ@dnms ἄρατος@nnmsp ὅτε@cs ὁ@dafs πόλις@nafsc ἐλευθερόω@viaa3s περί@p δέ@cs ὁ@dgfs ἀρίστιππος@ngmsp κατά@p φίλιππος@namsp ἀκμάζω@vpaagms βουλεύω@viam3s πολύς@anams- χρόνος@namsc"
"Arat._13.2","γράφω@viap3s μέν@b γάρ@b ὑπό@p πᾶς@angmp- ὁ@dgmp περί@p ὁ@dams μέλανθος@namsp ἅρμα@ndnsc νικηφόρος@andns- παρίστημι@vpranms ὁ@dnms ἀρίστρατος@nnmsp ἀπελλοῦ@ngmsp συνεφάπτομαι@vpamgms ὁ@dgfs γραφή@ngfsc ὡς@cs πόλεμος@nnmsp ὁ@dnms περιηγητής@nnmsc ἱστορέω@vira3s εἰμί@viia3s δέ@b ὁ@dnns ἔργον@nnnsc ἀξιοθέατος@annns- ὥστε@cs γνάμπτω@vnpe-- ὁ@dams ἄρατος@namsp ὑπό@p ὁ@dgfs τέχνη@ngfsc αὖθις@b τε@cs μῖσος@ndnsc ὁ@ddns πρός@p ὁ@damp τύραννος@nampc ἐξάγω@vppeams κελεύω@vnpa-- καθαιρέω@vnpa--"
"Arat._13.3","ὁ@dams οὖν@b ζωγράφος@namsc νεάλκη@namsp φίλος@namsc εἰμί@vppaams ὁ@dgms ἄρατος@ngmsp παραιτέομαι@vnpe-- φημί@vipa3p καί@cs δακρύω@vnpa-- ὡς@cs δέ@cs οὐ@b πείθω@viia3s εἶπον@vnaa-- ὅτι@cs ὁ@ddmp τύραννος@ndmpc πολεμητέος@annns- οὐ@b ὁ@ddmp ὁ@dgmp τύραννος@ngmpc ἐάω@vsaa1p οὖν@b ὁ@dans ἅρμα@nansc καί@cs ὁ@dafs νίκη@nafsp αὐτός@anams- δέ@b σύ@rpdms παρέχω@vifa1s ὁ@dams ἀρίστρατος@namsp ἐγώ@rpnms παραχωρέω@vppaams ὁ@dgms πίναξ@ngmsc ἐπιτρέπω@vpaagms οὖν@b ὁ@dgms ἄρατος@ngmsp διαλείπω@viaa3s ὁ@dnms νεάλκης@nnmsp ὁ@dams ἀρίστρατος@namsp εἰς@p δέ@b ὁ@dafs χώρα@nafsc φοῖνιξ@namsc μόνος@anans- ἐγγράφω@viaa3s ἄλλος@anans- δέ@cs οὐδείς@rpans τολμάω@viaa3s παραβάλλω@vnaa-- ὁ@damp δέ@b πούς@nampc ἐξαλείφω@vppegms ὁ@dgms ἀρίστιππος@ngmsp διαλανθάνω@vnaa-- ὑπό@p ὁ@dans ἅρμα@nansc λέγω3@vipa3p"
"Arat._13.4","ἐκ@p τε@b δή@b οὗτος@rpgnp ὁ@dnms ἄρατος@nnmsp ἀγαπάω@viie3s καί@b δίδωμι@vppanms πεῖρα@nafsc ἔτι@b μᾶλλον@b ἅπτω@viam3s ὁ@dgms βασιλεύς@ngmsc καί@b δωρεά@nafsc λαμβάνω@viaa3s ὁ@ddfs πόλις@ndfsc πεντήκοντα@an---- καί@cs ἑκατόν@an---- τάλαντον@nanpc καί@cs οὗτος@rpgnp τεσσαράκοντα@an---- μέν@b εὐθύς2@b μετά@p ἑαυτοῦ@rpgms κομίζω@vppanms εἰς@p πελοπόννησος@nafsp καταίρω@viaa3s ὁ@danp δέ@cs λοιπός@ananp- διαιρέω@vpaanms εἰς@p δόσις@nafpc ὁ@dnms βασιλεύς@nnmsc ὕστερος@anans- κατά@p μέρος@nansc ἀποστέλλω@viaa3s"
"Arat._14.1","εἰμί@viia3s μέν@b οὖν@b μέγας@annns- καί@b ὁ@dnns χρῆμα@nanpc τοσοῦτος@ananp- πορίζω@vnaa-- ὁ@ddmp πολίτης@ndmpc ὅσος@angnp- μικρός@anans- μέρος@nansc ἄλλος@annmp- στρατηγός@nnmpc καί@cs δημαγωγός@nnmpc λαμβάνω@vppanmp παρά@p βασιλεύς@ngmpc ἀδικέω@viia3p καί@b καταδέω@viie3p καί@cs προπίνω@viia3p αὐτός@rpdnp ὁ@dafp πατρίς@nafpc μέγας@annfsc δέ@cs ὁ@dnfs διά@p ὁ@dgnp χρῆμα@ngnpc οὗτος@angnp- κατασκευάζω@vpapnfs ὁ@ddmp μέν@b ἄπορος@andmp- πρός@p ὁ@damp πλούσιος@anamp- διάλυσις@nnfsc καί@cs ὁμόνοια@nnfsc ὁ@ddms δέ@b δῆμος@ndmsc πᾶς@andms- σωτηρία@nnfsc καί@cs ἀσφάλεια@nnfsc θαυμαστός@annfs- δέ@cs ὁ@dnfs ὁ@dgms ἀνήρ@ngmsc ἐν@p δύναμις@ndfsc τοσοῦτος@andfs- μετριότης@nnfsc"
"Arat._14.2","ἀποδείκνυμι@vpapnms γάρ@b αὐτοκράτωρ@nnmsc διαλλακτής@annms- καί@cs κύριος@annms- ὅλος@b ἐπί@p ὁ@dafp φυγαδικός@anafp- οἰκονομία@nafpc μόνος@annms- οὐ@b ὑπομένω@viaa3s ἀλλά@cs πεντεκαίδεκα@an---- ὁ@dgmp πολίτης@ngmpc προσλέγω@viaa3s ἑαυτοῦ@rpdms μετά@p ὅς@rpgmp πόνος@ndmsc πολύς@andms- καί@cs μέγας@andfp- πραγματεία@ndfpc κατεργάζομαι@viae3s καί@cs συναρμόζω@viaa3s φιλία@nafsc καί@cs εἰρήνη@nafsc ὁ@ddmp πολίτης@ndmpc ἐπί@p ὅς@rpdnp οὐ@b μόνος@anans- κοινῇ@b σύμπας@annmp- ὁ@dnmp πολίτης@nnmpc τιμή@nafpc ἀποδίδωμι@viaa3p αὐτός@rpdms πρέπω@vppaafp ἀλλά@cs καί@b κατά@p ἴδιος@anafs- ὁ@dnmp φυγάς@nnmpc εἰκών@nafsc χαλκοῦς@anafs- ἀνίστημι@vpaanmp ἐπιγράφω@viaa3p ὅδε@anans- ὁ@dans ἐλεγεῖον@nansc"
"Arat._14.3","βουλή@nnfpc μέν@x καί@cs ἆθλον@nnnpc καί@cs ὁ@dnfs περί@p ἑλλάς@ngfsp ἀλκή@nnfsc ὅδε@rpgms ἀνήρ@ngmsc στόρεννυμι@nnfsc πλάζω@vipe3s ἡρακλῆς@ngmsp ἐγώ@rpnmp δέ@x εἰκών@vppaanp αἴρω@nvmsp τεός@anafs- νόστος@ngmsc τυγχάνω@vpaanmp ἵστημι@viaa1p ἀντί@p ἀρετή@ngfsc ἠδέ@cs δικαιοσύνη@ngfsc σωτήρ@ngmsc σωτήρ@ndmpc θεός@ndmpc ὅτι@cs πατρίς@ndfsc ὁ@ddfs σός@andfs- δαιμόνιον@anafs- θεῖος1@anafs- τε@x ὀπάζω@viaa2s εὐνομία@nafsc"
"Arat._15.1","οὗτος@rpanp διαπράσσω@vpamnms ὁ@dnms ἄρατος@nnmsp ὁ@dgms μέν@b πολιτικός@angms- φθόνος@ngmsc μέγας@annmsc γίγνομαι@vila3s διά@p ὁ@dafp χάρις@nafpc ἀντίγονος@nnmsp δέ@cs ὁ@dnms βασιλεύς@nnmsc ἀνιάω@vppenms ἐπί@p αὐτός@rpdms καί@cs βούλομαι@vppenms ἤ1@b μετάγω@vnpa-- ὅλος@b ὁ@ddfs φιλία@ndfsc πρός@p ἑαυτοῦ@rpams ἤ1@cs διαβάλλω@vnpa-- πρός@p ὁ@dams πτολεμαῖος@namsp ἄλλος@anafp- τε@b φιλανθρωπία@nafpc ἐνδείκνυμι@viie3s μή@b πάνυ@b προσδέχομαι@vppedms καί@cs θύω@vppanms θεός@ndmpc ἐν@p κόρινθος@ndfsp μερίς@nafpc εἰς@p σικυών@nafsp ὁ@ddms ἄρατος@ndmsp διαπέμπω@viia3s"
"Arat._15.2","καί@b παρά@p ὁ@dans δεῖπνον@nansc ἑστιάω@vppegmp πολύς@angmp- εἰς@p μέσος@anans- φθέγγομαι@vpamnms ὦμος@viie1s φημί@viia3s ὁ@dams σικυώνιος@anams- οὗτος@anams- νεανίσκος@namsc ἐλευθέριος@anams- εἰμί@vnpa-- ὁ@ddfs φύσις@ndfsc μόνος@anans- καί@cs φιλοπολίτης@namsc ὁ@dnms δέ@b καί@b βίος@ngmpc ἔοικα@vira3s καί@cs πρᾶγμα@ngnpc βασιλικός@angnp- ἱκανός@annms- εἰμί@vnpa-- κριτής@nnmsc πρότερος@b γάρ@b ἐγώ@rpamp ὑπεροράω@viia3s ὁ@ddfp ἐλπίς@ndfpc ἔξω@b βλέπω@vppanms καί@cs ὁ@dams αἰγύπτιος@anams- θαυμάζω@viia3s πλοῦτος1@namsc ἐλέφας@nampc καί@b στόλος@nampc καί@cs αὐλή@nafpc ἀκούω@vppanms νυνί@b δέ@cs ὑπό@p σκηνή@nafsc ὁράω@vpranms πᾶς@ananp- ὁ@danp ἐκεῖ@b πρᾶγμα@nanpc τραγῳδία@nafsc εἰμί@vppaanp καί@cs σκηνογραφία@nafsc ὅλος@annms- ἐγώ@rpdmp προσχωρέω@vira3s"
"Arat._15.3","αὐτός@rpnms τε@b οὖν@b ἀποδέχομαι@vipe1s ὁ@dans μειράκιον@nansc γιγνώσκω@vpranms εἰς@p ἅπας@ananp- χράω@vnpe-- καί@cs σύ@rpa-p ἀξιόω@vipa1s φίλος@namsc νομίζω@vnpa-- οὗτος@anamp- ὁ@damp λόγος@nampc ὑπόθεσις@nafsc λαμβάνω@vpaanmp ὁ@dnmp φθονερός@annmp- καί@cs κακοήθεια@annmp- διαγωνίζομαι@viie3p ὁ@ddfp ἐπιστολή@ndfpc ἀλλήλων@andfp- πολύς@ananp- καί@cs δυσχερής@ananp- κατά@p ὁ@dgms ἄρατος@ngmsp ὁ@ddms πτολεμαῖος@ndmsp γράφω@vppanmp ὥστε@cs καί@b ἐκεῖνος@rpams ἐγκαλέω@vppaams πέμπω@vnaa-- ὁ@ddfp μέν@b οὖν@b περιμάχητος@andfp- καί@cs διάπυρος@andfp- τοξεύω@vppedfp ἔρως@ndfpc φιλία@ndfpc βασιλεύς@ngmpc καί@cs τύραννος@ngmpc τοσοῦτος@rpnns πρόσειμι1@viia3s φθόνος@ngmsc καί@cs κακοήθεια@ngfsc"
"Arat._16.1","ὁ@dnms δέ@b ἄρατος@nnmsp αἱρέω@vpapnms στρατηγός@nnmsc ὁ@dans πρῶτος@anans- ὑπό@p ὁ@dgmp ἀχαιός@ngmpp ὁ@dafs μέν@b ἀντιπέρας@angfs- λοκρίς@nafsp καί@cs καλυδώνιος@nafsp πορθέω@viaa3s βοιωτός@ndmpp δέ@cs μετά@p μυρίος@angmp- στρατιώτης@ngmpc βοηθέω@vppanms ὑστερέω@viaa3s ὁ@dgfs μάχη@ngfsc ὅς@rpafs ὑπό@p αἰτωλοί@ngmpp περί@p χαιρώνεια@nafsp ἡσσάομαι@viap3p ἀβοιώκριτος@ngmsp τε@b ὁ@dgms βοιωτάρχης@ngmsc καί@cs χίλιοι@angmp- σύν@p αὐτός@rpdms πίπτω@vpaagmp"
"Arat._16.2","ἐνιαυτός@ndmsc δέ@b ὕστερος@anans- αὖθις@b στρατηγός@vppanms ἐνίστημι@viie3s ὁ@dafs περί@p ὁ@dams ἀκροκόρινθος@namsp πρᾶξις@nafsc οὐ@b σικυώνιος@ngmpp οὐ@b δέ@cs ἀχαιός@ngmpp κήδω@vppenms ἀλλά@cs κοινός@anafs- τις@anafs- ὁ@dgfs ἑλλάς@ngfsp ὅλος@angfs- τυραννίς@nafsc ὁ@dafs μακεδών@ngmpp φρουρά@nafsc ἐκεῖθεν@b ἐξελαύνω@vnaa-- διανοέομαι@vppenms"
"Arat._16.3","χάρης@nnmsp μέν@b γάρ@b ὁ@dnms ἀθηναῖος@annms- ἐν@p τις@andfs- μάχη@ndfsc πρός@p ὁ@damp βασιλεύς@ngmsc στρατηγός@nampc εὐτυχέω@vpaanms γράφω@viaa3s ὁ@ddms δῆμος@ndmsc ὁ@dgmp ἀθήναιος@ngmpp ὡς@cs νικάω@vora3s ὁ@dgfs ἐν@p μαραθών@ndfsp μάχη@ngfsc ἀδελφή@nafsc οὗτος@anafs- δέ@cs ὁ@dafs πρᾶξις@nafsc οὐ@b ἄν@b ἁμαρτάνω@voaa3s τις@rpnms ἀδελφή@nafsc προσεῖπον@vpaanms ὁ@dgfs πελοπίδης@ngmsp ὁ@dgms θηβαῖος@angms- καί@cs θρασύβουλος@ngmsp ὁ@dgms ἀθήναιος@angms- τυραννοκτονία@ngfsc πλήν@b ὅτι@cs ὁ@ddns μή@b πρός@p ἕλλην@nampp ἀλλά@cs ἐπακτός@anafs- ἀρχή@nafsc γίγνομαι@vnra-- καί@cs ἀλλόφυλος@anafs- οὗτος@rpnfs διαφέρω@viaa3s"
"Arat._16.4","ὁ@dnms μέν@b γάρ@b ἰσθμός@nnmsp ἐμφράσσω@vppanms ὁ@dafp θάλασσα@nafpc εἰς@p ὁ@dans αὐτός@rpans συνάγω@vipa3s ὁ@dgms τόπος@ndmsc καί@cs συνάπτω@vipa3s ὁ@dafs ἤπειρος@nafsc ἐγώ@rpgmp ὁ@dnms δέ@cs ἀκροκόρινθος@nnmsp ὑψηλός@annns- ὄρος@nansc ἐκ@p μέσος@angfs- ἀναφύω@vpranms ὁ@dgfs ἑλλάς@ngfsp ὅταν@cs λαμβάνω@vsaa3s φρουρά@nafsc ἐνίστημι@vipe3s καί@cs ἀποκόπτω@vipa3s ὁ@dafs ἐντός@p ἰσθμός@ngmsp πᾶς@anafs- ἐπιμιξία@ngfpc τε@b καί@b πάροδος@ngfpc καί@cs στρατεία@ngfpc ἐργασία@nafpc τε@b κατά@p γῆ@nafsc καί@cs κατά@p θάλασσα@nafsc"
"Arat._16.5","καί@cs εἷς@anams- κύριος@anams- ποιέω@vipa3s ὁ@dams ἄρχω@namsc καί@cs κατέχω@vppaams φρουρά@ndfsc ὁ@dans χωρίον@nansc ὥστε@cs μή@b παίζω@vppaams δοκέω@vnpa-- ὁ@dams νέος@anamsc φίλιππος@namsp ἀλλά@cs ἀληθής@b ἑκάστοτε@b πέδη@b ὁ@dgfs ἑλλάς@ngfsp ὁ@dafs κορίνθιος@ngmpp πόλις@nafsc προσαγορεύω@vnpa--"
"Arat._17.1","πᾶς@andmp- μέν@b οὖν@b περιμάχητος@annms- εἰμί@viia3s ὁ@dnms τόπος@nnmsc ἀεί@b καί@b βασιλεύς@ndmpc καί@cs δυνάστης@ndmpc ὁ@dnfs δέ@cs ἀντίγονος@ngmsp σπουδή@nnfsc περί@p αὐτός@rpams οὐδείς@anans- ἀπολείπω@viaa3s πάθος@ndnsc ὁ@dgmp ἐμμανής@angmps ἔρως@ngmpc ἀλλά@cs ὅλος@annms- ἀναρτάω@viie3s ὁ@ddfp φροντίς@ndfpc ὅπως@cs ἀφαιρέω@vifm3s δόλος@ndmsc ὁ@damp ἔχω@vppaamp ἐπεί@cs φανερός@b ἀνέλπιστος@annfs- εἰμί@viia3s ὁ@dnfs ἐπιχείρησις@nnfsc"
"Arat._17.2","ἀλέξανδρος@ngmsp γάρ@b ὑπό@p ὅς@rpams ὁ@dnns χωρίον@nnnsc εἰμί@viia3s ἀποθνήσκω@vpaagms ὡς@cs λέγω3@vipe3s φάρμακος@ndmpc ὑπό@p αὐτός@rpgms νικαία@ngfsp δέ@cs ὁ@dgfs ἐκεῖνος@rpgms γυνή@ngfsc ἐπί@p ὁ@dgnp πρᾶγμα@ngnpc γίγνομαι@vpamgfs καί@cs φυλάσσω@vppagfs ὁ@dams ἀκροκόρινθος@namsp εὐθύς2@b ὑποπέμπω@vppanms δημ́ητριος@namsp ὁ@dams υἱός@namsc αὐτός@rpdfs καί@cs γλυκύς@anafp- ἐλπίς@nafpc ἐνδίδωμι@vppanms γάμος@ngmpc βασιλικός@angmp- καί@cs συνοίκησις@ngfsc πρός@p οὐ@b ἀηδής@anans- ἐντυγχάνω@vnaa-- γυνή@ndfsc πρέσβυς@andfsc μειράκιον@nansc"
"Arat._17.3","αὐτός@rpafs μέν@b αἱρέω@vila3s ὁ@ddms παῖς@ndmsc χράω2@vpamnms ὥσπερ@b ἄλλος@andns- τις@rpdns ὁ@dgnp δελεάσμα@ngnpc ἐπί@p αὐτός@rpdfs ὁ@dams δέ@cs τόπος@namsc οὐ@b προίημι@vppagfs ἀλλά@cs ἐγκρατής@b φυλάσσω@vppagfs ἀμελέω@vnpa-- προσποιέω@vppenms θύω1@viia3s γάμος@nampc αὐτός@rpgmp ἐν@p κόρινθος@ndfsp καί@cs θέα@ngfsc ἐπιτελέω@viia3s καί@cs πότος@nampc συνάγω@viia3s κατά@p ἡμέρα@nafsc ὡς@cs ἄν@b τις@rpnms μάλιστα@b παίζω@vnpa-- καί@cs σχολάζω@vnpa-- ὁ@dafs διάνοια@nafsc ὑπό@p ἡδονή@ngfsc καί@cs φιλοφροσύνη@ngfsc ἀφίημι@vpranms"
"Arat._17.4","ἐπεί@cs δέ@b καιρός@nnmsc εἰμί@viia3s ἀείδω@vppagms ἀμοιβεύς@ngmsp ἐν@p ὁ@ddns θέατρον@ndnsc παραπέμπω@viia3s ὁ@dafs νικαία@nafsp αὐτός@rpnms ἐπί@p ὁ@dafs θέα@nafsc ἐν@p φορεῖον@ndnsc κοσμέω@vpredns βασιλικῶς@b ἀγάλλω@vppeafs τε@b ὁ@ddfs τιμή@ndfsc καί@cs προσωτέρω@anamds ὁ@dgns μέλλω@vppagns εἰμί@vppaafs γίγνομαι@vpamnms δέ@b ὁ@dgfs ὁδός@ngfsc κατά@p ὁ@dafs ἐκτροπή@nafsc ὁ@dafs ἄνω@b φέρω@vppaafs ἐκεῖνος@rpafs μέν@b κελεύω@viaa3s προάγω@vnpa-- εἰς@p ὁ@dans θέατρον@nansc αὐτός@rpnms δέ@cs χαίρω@vnpa-- μέν@b ἀμοιβεύς@namsp χαίρω@vnpa-- δέ@cs ὁ@damp γάμος@nampc ἐάω@vpaanms ἄνειμι@viia3s πρός@p ὁ@dams ἀκροκόρινθος@namsp ἁμιλλάομαι@vppenms παρά@p ἡλικία@nafsc καί@cs κλείω@vpreafs ὁ@dafs πύλη@nafsc εὑρίσκω@vpaanms κόπτω@viia3s ὁ@ddfs βακτηρία@ndfsc κελεύω@vppanms ἀνοίγνυμι@vnpa--"
"Arat._17.5","ὁ@dnmp δέ@b ἔνδον@b ἀνοίγνυμι@viaa3p καταπλάσσω@vpapnmp οὕτως@b δέ@b ὁ@dgms τόπος@ngmsc κρατέω@vpaanms οὐ@b κατέχω@viaa3s ἑαυτοῦ@rpams ἀλλά@cs πίνω@viia3s παίζω@vppanms ὑπό@p χαρά@ngfsc ἐν@p ὁ@ddnp στενωπός@andnp- καί@cs διά@p ἀγορά@ngfsc αὐλητρίς@nafpc ἔχω@vppanms καί@cs στέφανος@nampc περίκειμαι@vppenms ἀνήρ@nnmsc γέρων@nnmsc καί@cs τηλικοῦτος@andfp- πρᾶγμα@ngnpc μεταβολή@ndfpc χράω2@vprenms κωμάζω@viia3s δεξιόομαι@vppenms καί@cs προσαγορεύω@vppanms ὁ@damp ἀπαντάω@vppaamp οὕτως@b ἄρα@b καί@b λύπη@ngfsc καί@cs φόβος@ngmsc μᾶλλον@b ἐξίστημι@vipa3s καί@cs σάλος@nnnsc παρέχω@vipa3s ὁ@ddfs ψυχή@ndfsc ὁ@dans χαίρω@vnpa-- ἄνευ@p λογισμός@ngmsc παραγίγνομαι@vppeans"
"Arat._18.1","ἀλλά@b γάρ@b ἀντίγονος@nnmsp μέν@b ὥσπερ@cs ἐρῶ@vipe3s κτάομαι@vpamnms ὁ@dams ἀκροκόρινθος@namsp φυλάσσω@viia3s μετά@p ὁ@dgmp ἄλλος@rpgmp ὅς@rpdmp πιστεύω@viia3s μάλιστα@b καί@b περσαῖος@namsp ἐφίστημι@vpaanms ἄρχω@vppaams ὁ@dams φιλόσοφος@namsc ὁ@dnms δέ@b ἄρατος@nnmsp ἔτι@b μέν@b καί@b ἀλέξανδρος@ngmsp ζάω@vppagms ἐπιχειρέω@viaa3s ὁ@ddfs πρᾶξις@ndfsc γίγνομαι@vpamgfs δέ@cs συμμαχία@ngfsc ὁ@ddmp ἀχαιός@ndmpp πρός@p ὁ@dams ἀλέξανδρος@namsp παύω@viam3s"
"Arat._18.2","τότε@b δέ@b αὖθις@b ἐκ@p ὑπαρχή@ngfsc ἕτερος@anafs- λαμβάνω@viaa3s ὁ@dgfs πρᾶξις@ngfsc ὑπόθεσις@nafsc τοιοῦτος@anafs- εἰμί@viia3p ἐν@p κόρινθος@ndfsp τέσσαρες@nnmpc ἀδελφός@nnmpc σύρος@nnmpp ὁ@dans γένος@nansc ὅς@rpgmp εἷς@annms- ὄνομα@nansc διοκλῆς@nnmsp ἐν@p ὁ@ddns φρούριον@ndnsc μισθοφορέω@vppanms διατρίβω@viia3s ὁ@dnmp δέ@b τρεῖς@an---- κλέπτω@vpaanmp βασιλικός@anans- χρυσίον@nansc ἔρχομαι@viaa3p εἷς@annms- σικυών@nnfsp πρός@p αἴγινα@namsp τις@anams- τραπεζίτης@namsc ὅς@rpdfs διά@p ὁ@dafs ἐργασία@nafsc ὁ@dnms ἄρατος@nnmsp χράομαι@viie3s καί@b μέρος@nansc μέν@b εὐθύς2@b διατίθημι@viam3p ὁ@dgns χρυσίον@ngnsc ὁ@dans δέ@cs λοιπός@anans- εἷς@nnmsc αὐτός@rpgmp ἐργῖνος@nnmsp ἐπιφοιτάω@vppanms ἡσυχῇ@b καταλλάσσω@viia3s"
"Arat._18.3","ἐκ@p δέ@b οὗτος@rpgns γίγνομαι@vpamnms ὁ@ddms αἴγινα@ndmsp συνήθης@annms- καί@cs προάγω@vpapnms εἷς@annms- λόγος@namsc ὑπό@p αὐτός@rpgms περί@p ὁ@dgfs φρουρά@ngfsc φημί@viia3s πρός@p ὁ@dams ἀδελφός@namsc ἀναβαίνω@vppanms πρός@p ὁ@dans κρημνώδης@anans- ἐντομὴ@nafsc καθοράω@vnra-- πλάγιος@nafsc ἄγω@vppaafs ὅς@rpdfs χθαμαλός@ananss ἐποικοδομέω@vire3s ὁ@ddns φρούριον@ndnsc ὁ@dnns τεῖχος@nnnsc προσπαίσσω@vpaagms δέ@cs αὐτός@rpdms ὁ@dgms αἴγιον@ngmsp καί@cs εἶπον@vpaagms εἶτα@b ὦ@i βέλτιστος@anvms- διά@p μικρός@anans- οὕτως@b χρυσίον@ngnsc ἀνασπάω@vipa2p ὁ@dafp βασιλικός@anafp- πρᾶξις@nafpc δύναμαι@vppenmp εἷς@anafs- ὥρα@nafsc πολύς@angnp- ἀποδίδωμι@vnam-- χρῆμα@ngnpc ἤ1@b γάρ@b οὐ@b καί@b τοιχωρύχος@ndmpc καί@cs προδότης@ndmpc ἁλίσκομαι@vpaadmp ἅπαξ@b ἀποθνήσκω@vnaa-- ὑπάρχω@vipa3s"
"Arat._18.4","γελάω@vpaanms ὁ@dnms ἐργῖνος@nnmsp τότε@b μέν@b ὁμολογέω@viaa3s ἀπογιγνώσκω@vnpe-- ὁ@dgms διοκλέης@ngmsp ὁ@ddmp γάρ@b ἄλλος@andmp- ἀδελφός@ndmpc μή@b πάνυ@b τις@anans- πιστεύω@vnpa-- ὀλίγος@andfp- δέ@cs ὕστερος@anans- ἡμέρα@ndfpc ἐπανέρχομαι@vpaanms συντίθημι@vipe3s ὁ@dams ἄρατος@namsp ἄγω@vnfa-- πρός@p ὁ@dans τεῖχος@nansc ὅπου@b ὁ@dnns ὕψος@nnnsc οὐ@b μέγας@annnsc εἰμί@viia3s πεντεκαίδεκα@an---- πούς@ngmpc καί@cs ὁ@danp ἄλλος@rpanp συμπράσσω@vnfa-- μετά@p ὁ@dgms διοκλέης@ngmsp"
"Arat._19.1","ὁ@dnms δέ@b ἄρατος@nnmsp ἐκεῖνος@rpdmp μέν@b ἑξήκοντα@an---- τάλαντον@nanpc δίδωμι@vnfa-- κατορθόω@vpaanms ὁμολογέω@viaa3s ἐάν@cs δέ@cs ἀποτυγχάνω@vsaa3s σώζω@vsap3s δέ@cs μετά@p ἐκεῖνος@rpgmp οἰκία@nafsc ἑκάτερος@andms- καί@cs τάλαντον@nansc ἐπεί@cs δέ@b δεῖ@viia3s παρά@p ὁ@ddms αἴγινα@ndmsp ὁ@danp ἑξήκοντα@an---- τάλαντον@nanpc κεῖμαι@vnpe-- ὁ@ddmp περί@p ὁ@dams ἐργῖνος@namsp ὁ@dnms δέ@cs ἄρατος@nnmsp οὐ@b τε@b αὐτός@annms- ἔχω@viia3s οὐ@b τε@cs βούλομαι@viie3s δανείζω@vppenms αἴσθησις@nafsc ἕτερος@andms- ὁ@dgfs πρᾶξις@ngfsc παρέχω@vnaa-- λαμβάνω@vpaanms ὁ@dgnp ἔκπωμα@ngnpc ὁ@danp πολύς@ananp- καί@cs ὁ@danp χρυσίον@nanpc ὁ@dgfs γυνή@ngfsc ὑποτίθημι@viaa3s ὁ@ddms αἴγινα@ndmsp πρός@p ὁ@dans ἀργύριον@nansc"
"Arat._19.2","οὕτως@b γάρ@b ἐπαίρω@vile3s ὁ@ddfs ψυχή@ndfsc καί@cs τοσοῦτος@anams- ἔρως@namsc ὁ@dgfp καλός@angfp- πρᾶξις@ngfpc ἔχω@viia3s ὥστε@cs ὁ@dams φωκίων@namsp καί@cs ὁ@dams ἐπαμεινώνδας@namsp ἐπίσταμαι@vppenms ἕλλην@ngmpp δίκαιος@anamps καί@cs κράτιστος@anamp- γίγνομαι@vnra-- δοκέω@vppaamp ἐπί@p ὁ@ddns διώκω@vnam-- δωρεά@nafpc μέγας@anafp- καί@cs μή@b προΐημι@vnam-- χρῆμα@ngnpc ὁ@dans καλός@anans- αὐτός@rpnms εἰς@p οὗτος@rpanp δαπανάω@vnpe-- κρύφα@b καί@cs προεισφέρω@vnpa-- ἐν@p ὅς@rpdnp κινδυνεύω@viia3s μόνος@annms- ὑπέρ@p πᾶς@angnp- οὐ@b δέ@cs οἶδα@vpragmp ὁ@danp πράσσω@vppeanp αἱρέω@viie3s"
"Arat._19.3","τις@rpnms γάρ@b οὐ@b ἄν@b θαυμάζω@voaa3s καί@cs συναγωνίσομαι@voam3s ἔτι@b νῦν@b ὁ@ddfs μεγαλοψυχία@ndfsc ὁ@dgms ἀνήρ@ngmsc ὠνέομαι@vppegms χρῆμα@ngnpc τοσοῦτος@angnp- κίνδυνος@namsc τηλικοῦτος@anams- καί@cs ὁ@danp τίμιος@ananps δοκέω@vppaanp ὁ@dgnp κτῆμα@ngnpc ὑποτίθημι@vppagms ὅπως@cs παρεισάγω@vpapnms νύξ@ngfsc εἰς@p ὁ@damp πολέμιος@nampc διαγωνίζομαι@vsae3s περί@p ὁ@dgfs ψυχή@ngfsc ἐνέχυρον@anafs- λαμβάνω@vpaanms ὁ@dafs ἐλπίς@nafsc ὁ@dgns καλός@angns- παρά@p αὐτός@rpgmp ἄλλος@anans- δέ@cs οὐδείς@rpans"
"Arat._20.1","εἰμί@vppaafs δέ@b κατά@p ἑαυτοῦ@rpafs ἐπισφαλής@anafs- ὁ@dafs πρᾶξις@nafsc ἐπισφαλής@anafsc ποιέω@viaa3s ἁμαρτία@nnfsc τις@annfs- εὐθύς2@b ἐν@p ἀρχή@ndfsc συμβαίνω@vpaanfs διά@p ἄγνοια@nafsc ὁ@dnms γάρ@b οἰκέτης@nnmsc ὁ@dgms ἄρατος@ngmsp τέχνη@nnmsp πέμπω@viap3s μέν@b ὡς@b μετά@p ὁ@dgms διοκλέης@ngmsp κατάσκέπτομαι@vpfmnms ὁ@dans τεῖχος@nansc οὔπω@b δέ@cs εἰμί@viia3s ὁ@ddms διοκλέης@ndmsp πρότερος@anans- ἐντυγχάνω@vpranms κατά@p ὄψις@nafsc ἀλλά@cs ὁ@dafs μορφή@nafsc αὐτός@rpgms καί@cs ὁ@dans εἶδος@nansc δοκέω@vppanms κατέχω@vnpa-- ἐκ@p ὅς@rpgnp ὁ@dnms ἐργῖνος@nnmsp ἐπισημαίνω@viaa3s οὐλόμενος@nafsc καί@b μελάγχρους@namsc καί@cs ἀγένειος@nansc"
"Arat._20.2","ἔρχομαι@vpaanms οὖν@b ὅπου@b συντάσσω@vile3s ὁ@dams ἐργῖνος@namsp ὡς@b ἀφικνέομαι@vpfmams μετά@p ὁ@dams διοκλέης@ngmsp ἀναμένω@viia3s πρό@p ὁ@dgfs πόλις@ngfsc πρό@p ὁ@dgms καλέω@vppegns ὄρνις@ngmsp ἐν@p δέ@cs οὗτος@rpdns πρῶτος@annms- ἀδελφός@nnmsc ἐργίνου@ngmsp καί@cs διοκλέης@ngmsp ὄνομα@nansc διονύσιος@nnmsp οὐ@b σύνοιδα@vpranms ὁ@dafs πρᾶξις@nafsc οὐ@b δέ@cs κοινωνός@vppanms ὅμοιος@annms- δέ@cs ὁ@ddms διοκλέης@ndmsp πρόσειμι1@viia3s κατά@p τύχη@nafsc ὁ@dnms δέ@b τέχνη@nnmsp πρός@p ὁ@danp σημεῖον@nanpc ὁ@dgfs μορφή@ngfsc ὁ@ddfs ὁμοιότης@ndfsc κινέω@vpapnms ἐρωτάω@viaa3s ὁ@dams ἄνθρωπος@namsc εἰ@cs τις@annns- συμβόλαιον@nnnsc αὐτός@rpdms πρός@p ἐργῖνος@namsp εἰμί@vopa3s"
"Arat._20.3","φημί@vpaagms δέ@b ἀδελφός@namsc εἰμί@vnpa-- παντάπασι@b ὁ@dnms τέχνη@nnmsp πείθω@viap3s ὁ@ddms διοκλέης@ndmsp διαλέγω@vnpe-- καί@b μή@b τε@b ὁ@dans ὄνομα@nansc πυνθάνομαι@vpamnms μή@b τε@cs ἄλλος@anans- μηδείς@anans- προσμένω@vpaanms τεκμήριον@nansc ἐμβάλλω@vipa3s τε@b ὁ@dafs δεξιός@nafsc αὐτός@rpdms καί@b περί@p ὁ@dgnp σύγκειμαι@vpregnp πρός@p ὁ@dams ἐργῖνος@namsp λαλέω@viia3s καί@cs ἐκεῖνος@rpams ἀνακρίνω@viaa3s ὁ@dnms δέ@b δέχομαι@vpamnms αὐτός@rpgms ὁ@dafs ἁμαρτία@nafsc πάνουργος@b ὁμολογέω@viia3s τε@b πᾶς@ananp- καί@cs πρός@p ὁ@dafs πόλις@nafsc ἀναστρέφω@vpaanms ὑπάγω@viia3s ἀνύποπτος@b διαλέγω@vppenms"
"Arat._20.4","ἤδη@b δέ@b πλησίος@b εἰμί@vppagms αὐτός@rpgms καί@cs μέλλω@vppagms ὅσος@anans- οὔπω@b ὁ@dams τέχνων@namsp διαλαμβάνω@vnpa-- ἀπό@p τύχη@ngfsc αὖ@b πάλιν@b ὁ@dnms ἐργῖνος@nnmsp αὐτός@rpdmp ἀπαντάω@viaa3s αἰσθάνομαι@vpamnms δέ@b ὁ@dafs ἀπάτη@nafsc καί@cs ὁ@dams κίνδυνος@namsc διά@p νεῦμα@ngnsc δηλόω@viaa3s ὁ@ddms τέχνην@ndmsp φεύγω@vnpa-- καί@cs ἀποπηδάω@vpaanmp ἀμφότερος@annmp- δρόμος@ndmsc πρός@p ὁ@dams ἄρατος@namsp ἀποσῴζω@viap3p οὐ@b μήν@b ἀποκάμνω@viaa3s ὁ@ddfp ἐλπίς@ndfpc ἐκεῖνος@rpnms ἀλλά@cs πέμπω@viaa3s εὐθύς2@b ὁ@dams ἐργῖνος@namsp χρυσίον@nansc τε@b ὁ@ddms διονύσιος@ndmsp κομίζω@vppaams καί@cs δέω2@vpfmams αὐτός@rpgms σιωπάω@vnpa--"
"Arat._20.5","ὁ@dnms δέ@b καί@b οὗτος@rpans ποιέω@viaa3s καί@cs ὁ@dams διονύσιος@namsp ἄγω@vppanms μετά@p ἑαυτοῦ@rpgms πρός@p ὁ@dams ἄρατος@namsp ἔρχομαι@viaa3s ἔρχομαι@vpaaams δέ@b αὐτός@rpams οὐκέτι@b διήκω@viaa3p ἀλλά@cs δέω1@vpaanmp φυλάσσω@viia3p ἐν@p οἰκίσκος@ndmsc κατακλείω@vpreams αὐτός@rpnmp δέ@cs παρασκευάζω@viie3p πρός@p ὁ@dafs ἐπίθεσις@nafsc"
"Arat._21.1","ἐπεί@cs δέ@b εἰμί@viia3s ἑτοῖμος@annnp- πᾶς@annnp- ὁ@dafs μέν@b ἄλλος@anafs- δύναμις@nafsc κελεύω@viaa3s ἐπί@p ὁ@dgnp ὅπλον@ngnpc νυκτερεύω@vnpa-- ἀναλαμβάνω@vpaanms δέ@cs λογάς@nampc τετρακόσιοι@anamp- οὐ@b δέ@b αὐτός@anamp- οἶδα@vpraamp ὁ@danp πράσσω@vppeanp πλήν@p ὀλίγος@angmp- ἄγω@viia3s πρός@p ὁ@dafp πύλη@nafpc παρά@p ὁ@dans ἡραῖος@nansp εἰμί@viia3s δέ@b ὁ@dgns ἔτος@ngnsc ὁ@dnfs περί@p θέρος@nansc ἀκμάζω@vppanns ὥρα@nnfsc ὁ@dgms δέ@b μείς@ngmsc πανσέληνος@annms- ὁ@dnfs δέ@cs νύξ@nnfsc ἀνέφελος@annfs- καί@cs καταφανής@annfs- ὥστε@cs καί@b φόβος@namsc ὁ@danp ὅπλον@nanpc παρέχω@vnpa-- ἀντιλάμπω@vppaams πρός@p ὁ@dafs σελήνη@nafsc μή@cs ὁ@damp φύλαξ@nampc οὐ@b λανθάνω@vsaa3p"
"Arat._21.2","ἤδη@b δέ@b ὁ@dgmp πρῶτος@ ἐγγύς@b εἰμί@vppagmp ἀπό@p θάλασσα@ngfsc ἀνατρέχω@viaa3s νέφος@viaa3s καί@cs κατέχω@viaa3s ὁ@dafs τε@b πόλις@nafsc αὐτός@anafs- καί@cs ὁ@dams ἔξω@b τόπος@namsc ἐπίσκιος@anams- γίγνομαι@vpamams ἐνταῦθα@b δέ@b ὁ@dnmp μέν@b ἄλλος@rpnmp συγκαθίζω@vpaanmp ὑπολύω@viie3p ὁ@dafp κρηπίς@nafpc οὐ@b τε@cs γάρ@b ψόφος@namsc ποιέω@vipa3p πολύς@anams- οὐ@b τε@cs ὀλίσθημα@nanpc λαμβάνω@vipa3p γυμνός@andmp- ὁ@ddmp πούς@ndmpc ἀντιλαμβάνομαι@vppenmp ὁ@dgfp κλῖμαξ@ngfpc ὁ@dnms δέ@cs ἐργῖνος@nnmsp ἑπτὰ@an---- λαμβάνω@vpaanms νεανίσκος@nampc στέλλω@vpreamp ὁδοιπορικός@b λανθάνω@viaa3s ὁ@ddfs πύλη@ndfsc προσμείγνυμι@vpaanms"
"Arat._21.3","καί@b ὁ@dams πυλωρός@namsc ἀποκτείνω@vipa3p καί@cs ὁ@damp μετά@p αὐτός@rpgms φύλαξ@nampc ἅμα@b δέ@b ὅς@dnfp τε@b κλῖμαξ@nnfpc προστίθημι@viie3p καί@cs κατά@p σπουδή@nafsc ὁ@dnms ἄρατος@nnmsp ὑπερβιβάζω@vpaanms ἑκατόν@an---- ἀνήρ@nampc ὁ@damp δέ@cs ἄλλος@rpamp ἕπομαι@vnpe-- κελεύω@vpaanms ὡς@cs ἄν@b δύναμαι@vspe3p ταχύς@ananps ὁ@dafp κλῖμαξ@nafpc ἀναρπάζω@vpaanms χωρέω@viia3s διά@p ὁ@dgfs πόλις@ngfsc μετά@p ὁ@dgmp ἑκατόν@an---- ἐπί@p ὁ@dafs ἄκρα@nafsc ἤδη@b περιχαρής@annms- διά@p ὁ@dans λανθάνω@vnpa-- ὡς@b κατορθόω@vppanms"
"Arat._21.4","καί@b πως@b ἔτι@b πρόσωθεν@b αὐτός@rpdmp ἀπαντάω@viia3s σύν@p φώς@ndmsc φυλακή@nnfsc τέσσαρες@ ἀνήρ@ngmpc οὐ@b καθοράω@vpredmp ἔτι@b γάρ@b εἰμί@viia3p ἐν@p ὁ@ddns σκιάζω@vppedns ὁ@dgfs σελήνη@ngfsc ἐκεῖνος@rpamp δέ@b πρόσειμι1@vppaamp ἐκ@p ἐναντίος@angfs- καθοράω@vipa3p μικρός@anans- οὖν@b ὑποστέλλω@vpaanms τειχίον@ndnpc τις@andnp- καί@cs οἰκοπέδοις@ndnpc ἐνέδρα@nafsc ἐπί@p ὁ@damp ἀνήρ@nampc καθίζω@vipa3s καί@cs τρεῖς@an---- μέν@b αὐτός@rpgmp ἐμπίτνω@vpaanmp ἀποθνήσκω@vipa3p ὁ@dnms δέ@cs τέταρτος@annms- πλήσσω@vpapnms ξίφος@ndnsc ὁ@dafs κεφαλή@nafsc φεύγω@viaa3s βοῦς@vppanms ἔνδον@b εἰμί@vnpa-- ὁ@damp πολέμιος@nampc"
"Arat._21.5","καί@b μετά@p μικρός@anans- ὅς@dnfp τε@b σάλπιγξ@nnfpc ἐπισημαίνω@viia3p ὅς@dnfs τε@b πόλις@nnfsc ἐξανίστημι@viie3s πρός@p ὁ@danp γίγνομαι@vppeanp πλήρης@annmp- τε@b εἰμί@viia3p ὅς@dnmp στενωπός@annmp- διαθέω@vppagmp καί@cs φώς@nnnpc πολύς@annnp- ὁ@dnnp μέν@b κάτωθεν@b ἤδη@b ὁ@dnnp δέ@cs ἄνωθεν@b ἀπό@p ὁ@dgfs ἄκρα@ngfsc περιλάμπω@viia3s καί@cs κραυγή@nnfsc συζεύγνυμι@viie3s πανταχόθεν@b ἄσημος@annfs-"
"Arat._22.1","ἐν@p οὗτος@rpdns δέ@b ὁ@dnms μέν@b ἄρατος@nnmsp ἐμφύω@vpaanms ὁ@ddfs πορεία@ndfsc παρά@p ὁ@dans κρημνώδης@anans- ἁμιλλάομαι@viie3s βραδύς@b καί@cs ταλαίπωρος@b ὁ@dans πρῶτος@anans- οὐ@b κατακρατέω@vppanms ἀλλά@cs ἀποπλανάομαι@vppenms ὁ@dgms τρίοδος@ngmsc παντάπασι@b ἐνδύω@vpragms καί@cs πεοισκιάζομαι@vppegms ὁ@ddfp τραχύτης@ndfpc καί@cs διά@p πολύς@angmp- ἑλιγμός@ngmpc καί@cs παραβολή@ngfpc περαίνω@vppagms πρός@p ὁ@dans τεῖχος@nansc εἶτα@cs θαυμάσιος@annns- οἷος@anans- ὁ@dnfs σελήνη@nnfsc λέγω3@vipe3s διαστέλλω@vppanfs ὁ@danp νέφος@nanpc καί@cs ὑπολάμπω@vppanfs ὁ@dgfs ὁδός@ngfsc ὁ@dans χαλεπός@ananss διασαφέω@vnpa-- ἕως@cs ἅπτω@viam3s ὁ@dgns τεῖχος@ngnsc κατά@p ὅς@anams- δεῖ@viia3s τόπος@namsc ἐκεῖ@b δέ@b πάλιν@b συνεσκιάζομαι@viaa3s καί@cs ἀποκρύπτω@viaa3s νέφος@ngnpc συνέρχομαι@vpaagnp"
"Arat._22.2","ὁ@dnmp δέ@b περί@p ὁ@dafp πύλη@nafpc ἔξω@b περί@p ὁ@dans ἡραῖος@nansp ἀπολιμπάνω@vpapnmp ὁ@dgms ἄρατος@ngmsp στρατιώτης@nnmpc τριακόσιοι@annmp- ὁ@dans πλῆθος@nansc εἰμί@vppanmp ὡς@cs ποτέ@b παρεισπίπτω@viaa3p εἰς@p ὁ@dafs πόλις@nafsc θόρυβος@ngmsc τε@b παντοδαπός@angms- καί@cs φάος@ngnpc γέμω@vppaafs οὐ@b δύναμαι@vpapnmp ἐξανευρόω@vnpa-- ὁ@dams αὐτός@anams- τρίοδος@namsc οὐ@b δέ@cs εἰς@p ἴχνος@nansc ἐμβαίνω@vnaa-- ὁ@dgfs ἐκεῖνος@rpgmp πορεία@ngfsc πτήσσω@viaa3p ἀθρόος@annmp- πρός@p τις@andms- παλίσκιος@andms- γαστήρ@ndmsc ὁ@dgms κρημνός@ngmsc συστέλλω@vpaanmp ἑαυτοῦ@rpamp καί@cs διακαρτερέω@viia3p ἐνταῦθα@b περιπαθέω@vppanmp καί@cs δυσανασχετέω@vppanmp"
"Arat._22.3","βάλλω@vppegmp γάρ@b ἀπό@p ὁ@dgfs ἄκρα@ngfsc ἤδη@b ὁ@dgmp περί@p ὁ@dams ἄρατος@namsp καί@cs μάχομαι@vppegmp ἀλαλαγμός@nnmsc ἐναγώνιος@annms- χωρέω@viia3s κάτω@b καί@cs κραυγή@nnfsc περιήχω@viia3s διά@p ὁ@dafs ἀπό@p ὁ@dgnp ὄρος@ngnpc ἀνάκλασις@nafsc συγχώννυμι@vprenfs καί@cs ἄδηλος@annms- ὅθεν@b λαμβάνω@vira3s ὁ@dafs ἀρχή@nafsc διαπορέω@vppagmp δέ@cs αὐτός@rpgmp ἐπί@p ὅς@anans- τις@anans- χρή@vipa3s τρέπω@vnam-- μέρος@nansc ἀρχέλαος@nnmsp ὁ@dnms ὁ@dgmp βασιλικός@angmp- ἡγεμών@nnmsc στρατιώτης@nampc ἔχω@vppanms πολύς@anamp- μετά@p κραυγή@ngfsc ἀναβαίνω@viia3s καί@cs σάλπιγξ@ngmpc ἐπιφέρω@vppenms ὁ@ddmp περί@p ὁ@dams ἄρατος@namsp καί@cs παραλλάσσω@viia3s ὁ@damp τριακόσιοι@anamp-"
"Arat._22.4","ὁ@dnmp δέ@b ὥσπερ@b ἐκ@p ἐνέδρα@ngfsc ἀνίστημι@vpaanmp ἐμβάλλω@vipa3p αὐτός@rpdms καί@cs διαφθείρω@vipa3p ὅς@rpdmp ἐπιτίθημι@viam3p πρῶτος@andmp- ὁ@damp δέ@cs ἄλλος@rpamp καί@cs ὁ@dams ἀρχέλαος@namsp φοβέω@vpaanmp τρέπω@viam3p καί@cs καταδιώκω@viaa3p ἄχρι@p ὁ@dgns σκεδάννυμι@vnap-- περί@p ὁ@dafs πόλις@nafsc διαλύω@vpapamp ἄρτι@b δέ@b οὗτος@rpgmp νικάω@vpragmp ἐργῖνος@nnmsp ἀπό@p ὁ@dgmp ἄνω@b μάχομαι@vppegmp ἔρχομαι@viaa3s ἀγγέλλω@vppanms συμπλέκω@vnre-- ὁ@ddmp πολέμιος@ndmpc ὁ@dams ἄρατος@namsp ἀμύνω@vppedmp εὔρωστος@b καί@b μέγας@anams- ἀγών@namsc περί@p αὐτός@anans- ὁ@dans τεῖχος@nansc εἰμί@vnpa-- καί@cs τάχος@ngnsc δεῖ@vnpa-- ὁ@dgfs βοήθεια@ngfsc"
"Arat._22.5","ὁ@dnmp δέ@b εὐθύς2@b κελεύω@viia3p ἡγέομαι@vnpm-- καί@b προσβαίνω@vppanmp ἅμα@p φωνή@ndfsc διασημαίνω@viia3p ἑαυτοῦ@rpamp ἐπιθαρσύνω@vppanmp ὁ@damp φίλος@nampc ὅς@dnfs τε@b πανσέληνος@annfs- ἀποφαίνω@viia3s ὁ@danp ὅπλον@nanpc πλείων@ananpc φαίνω@vppeanp ὁ@ddmp πολέμιος@ndmpc διά@p ὁ@dans μῆκος@nansc ὁ@dgfs πορεία@ngfsc καί@cs ὁ@dnns ὁ@dgfs νύξ@ngfsc ἠχώδης@annns- ὁ@dams ἀλαλαγμός@namsc ἀπό@p πολλαπλασίων@angnp- ἤ1@cs τοσοῦτος@rpgmp ποιέω@viia3s δοκέω@vnpa-- φέρω@vnpe--"
"Arat._22.6","τέλος@nansc δέ@b συνερείδω@vpaanmp ἐξωθέω@vipa3p ὁ@damp πολέμιος@nampc καί@b καθυπέρτερος@annmp- ὁ@dgfs ἄκρα@ngfsc εἰμί@viia3p καί@cs ὁ@dans φρούριον@nansc ἔχω@viia3p ἡμέρα@ngfsc ἤδη@b διαυγάζω@vppagfs ὅς@dnms τε@b ἥλιος@nnmsc εὐθύς2@b ἐπιλάμπω@viia3s ὁ@ddns ἔργον@ndnsc καί@cs πάρειμι1@viia3s ἐκ@p σικυών@ngfsp ὁ@dnfs λοιπός@annfs- δύναμις@nnfsc ὁ@ddms ἄρατος@ndmsp δέχομαι@vppegmp κατά@p πύλη@nafpc ὁ@dgmp κορίνθιος@ngmpp πρόθυμος@b καί@cs ὁ@damp βασιλικός@anamp- συλλαμβάνω@vppagmp"
"Arat._23.1","ἐπεί@cs δέ@b ἀσφαλής@b δοκέω@viia3s πᾶς@ananp- ἔχω@vnpa-- καταβαίνω@viia3s εἰς@p ὁ@dans θέατρον@nansc ἀπό@p ὁ@dgfs ἄκρα@ngfsc πλῆθος@ngnsc ἄπειρος1@angns- συρρέω@vppagns ἐπιθυμία@ndfsc ὁ@dgfs τε@b ὄψις@ngfsc αὐτός@rpgms καί@cs ὁ@dgmp λόγος@ngmpc ὅς@rpdmp μέλλω@viia3s χράω@vnpe-- πρός@p ὁ@damp κορίνθιος@nampp"
"Arat._23.2","ἐφίστημι@vpaanms δέ@b ὁ@ddfp πάροδος@ndfpc ἑκατέρωθεν@b ὁ@damp ἀχαιός@nampp αὐτός@rpnms ἀπό@p ὁ@dgfs σκηνή@ngfsc εἰς@p μέσος@anans- προέρχομαι@viaa3s ὁπλίζω@vprenms καί@b ὁ@ddns πρόσωπον@ndnsc διά@p ὁ@dams κόπος@namsc καί@cs ὁ@dafs ἀγρυπνία@nafsc ἀλλοιόω@vprenms ὥστε@cs ὁ@dgfs ψυχή@ngfsc ὁ@dans γαυρόω@vppeans καί@cs χαίρω@vppaans ὑπό@p ὁ@dgfs περί@p ὁ@dans σῶμα@nansc βαρύτης@ngfsc κατακρατέω@vnpe--"
"Arat._23.3","ὁ@dgmp δέ@b ἄνθρωπος@ngmpc ἅμα@p ὁ@ddns προσέρχομαι@vnaa-- αὐτός@rpams ἐκχέω@vpapgmp ὁ@ddfp φιλόφρων@ndfpc μεταλαμβάνω@vpaanms εἰς@p ὁ@dafs δεξιός@nafsc ὁ@dans δόρυ@nansc καί@cs ὁ@dans γόνυ@nansc καί@cs ὁ@dans σῶμα@nansc ὁ@ddfs ῥοπή@ndfsc μικρός@anans- ἐγκλίνω@vpaanms καί@cs ἀπερείομαι@vpaenms ἵστημι@vila3s πολύς@anams- χρόνος@namsc σιωπή@ndfsc δέχομαι@vppenms αὐτός@rpgmp ὁ@damp κρότος@nampc καί@cs ὁ@dafp ἐπιβοάω@nafpc ἐπαινέω@vppagmp μέν@b ὁ@dafs ἀρετή@nafsc ζηλόω@vppagmp δέ@cs ὁ@dafs τύχη@nafsc"
"Arat._23.4","ὡς@cs δέ@b παύω@viam3p καί@cs καθίστημι@viaa3p συνάγω@vpaanms ἑαυτοῦ@rpams διεξέρχομαι@viaa3s λόγος@namsc ὑπέρ@p ὁ@dgmp ἀχαιός@ngmpp ὁ@ddfs πρᾶξις@ndfsc πρέπω@vppaams καί@b συμπείθω@viaa3s ὁ@damp κορίνθιος@nampp ἀχαιός@nampp γίγνομαι@vnam-- καί@cs ὁ@dgfp πύλη@ngfpc ὁ@dafp κλείς@nafpc ἀποδίδωμι@viaa3s τότε@b πρῶτος@anans- ἀπό@p ὁ@dgmp φιλιππικός@angmp- καιρός@ngmpc ὑπό@p ἐκεῖνος@rpdmp γίγνομαι@vpamafp ὁ@dgmp δέ@b ἀντίγονος@ngmsp στρατηγός@ngmpc ἀρχέλαος@namsp μέν@b ἀφίημι@viaa3s ὑποχείριος@anams- γίγνομαι@vpamams θεόφραστος@namsp δέ@cs ἀναιρέω@viaa3s οὐ@b βούλομαι@vppeams ἀπαλλάσσω@vnpe--"
"Arat._23.5","περσαῖος@nnmsp δέ@b ὁ@dgfs ἄκρα@ngfsc ἁλίσκομαι@vppegfs εἰς@p κεγχρεαί@nafpp διαπίπτω@viaa3s ὕστερος@anans- δέ@b λέγω3@vipe3s σχολάζω@vppanms πρός@p ὁ@dams εἶπον@vpaaams μόνος@anams- αὐτός@rpdms δοκέω@vnpa-- στρατηγός@namsc εἰμί@vnpa-- ὁ@dams σοφός@anams- ἀλλά@cs νή@p θεός@nampc φημί@vnpa-- οὗτος@rpans μάλιστα@b καί@b ἐγώ@rpdms ποτέ@b ὁ@dgnp ζήνων@ngmsp ἀρέσκω@viaa3s δόγμα@ngnpc νῦν@b δέ@b μεταβάλλω@vipe1s νουθετέω@vpapnms ὑπό@p ὁ@dgms σικυώνιος@angms- νεανίης@ngmsc οὗτος@rpanp μέν@b περί@p περσαῖος@ngmsp πλείων@annmpc ἱστορέω@vipa3p"
"Arat._24.1","ὁ@dnms δέ@b ἄρατος@nnmsp εὐθύς2@b ὁ@dans τε@b ἡραῖος@namsp ὑπό@p ἑαυτοῦ@rpdms καί@cs ὁ@dans λέχαιος@nansp ποιέω@viam3s καί@b ναῦς@ngfpc μέν@b εἰκοσιτέσσαρες@an---- βασιλικός@angfp- κυριεύω@viaa3s ἵππος@nampc δέ@cs πεντακόσιοι@anamp- καί@cs σύρος@nampp τετρακόσιοι@anamp- ἀποδίδωμι@viam3s ὁ@dams τε@cs ἀκροκόρινθος@namsp φυλάσσω@viia3p ὁ@dnmp ἀχαιός@nnmpp τετρακόσιοι@andmp- ὁπλίτης@ndmpc καί@b πεντήκοντα@an---- κύων@ndmpc καί@cs κυνηγός@ndmpc ἴσος@andmp- ἐν@p ὁ@ddns φρούριον@ndnsc τρέφω@vppedmp"
"Arat._24.2","ὁ@dnmp μέν@b οὖν@b ῥωμαῖος@nnmpp ὁ@dams φιλοποίμην@namsp θαυμάζω@vppanmp ἕλλην@ngmpp ἔσχατος@anams- προσαγορεύω@viia3p ὡς@b μηδείς@rpgns μέγας@angns- μετά@p ἐκεῖνος@rpams ἐν@p ὁ@ddmp ἕλλην@ndmpp γίγνομαι@vpamgns ἐγώ@rpnms δέ@b ὁ@dgfp ἑλληνικός@angfp- πρᾶξις@ngfpc οὗτος@rpafs ἔσχατος@anafs- καί@cs νέος@anafss φημί@vopa1s ἄν@b πράσσω@vnre-- οὗτος@rpans μέν@b τόλμα@ndfsc οὗτος@rpans δέ@b τύχη@ndfsc ὁ@ddfp ἄριστος@andfp- ἐνάμιλλος@viia3p ὡς@cs δηλόω@viaa3s εὐθύς2@b ὁ@dnnp γίγνομαι@vppennp"
"Arat._24.3","μεγαρεύς@nnmpp τε@b γάρ@b ἀφίστημι@vpaanmp ἀντίγονος@ngmsp ὁ@ddms ἄρατος@ndmsp προστίθημι@viam3p καί@b τροιζήνιος@nnmpp μετά@p ἐπιδαύριος@ngmpp συντάσσω@viap3p εἰς@p ὁ@damp ἀχαιός@nampp ἐξοδός@nafsc τε@cs πρῶτος@anafs- τίθημι@vpamnms εἰς@p ὁ@dafs ἀττική@nafsp ἐμβάλλω@viaa3s καί@cs ὁ@dafs σαλαμίς@nafsp διαβαίνω@vpaanms λεηλατέω@viaa3s ὥσπερ@b ἐκ@p εἱρκτή@angfs- λύω@vpredfs ὁ@ddfs δύναμις@ndfsc ὁ@dgmp ἀχαιός@ngmpp ἐπί@p ὅς@rpans τις@anans- βούλομαι@vope3s χράομαι@vppenms ἀθήναιος@ndmpp δέ@b ὁ@damp ἐλεύθερος@anamp- ἀφίημι@viaa3s ἄνευ@p λύτρον@ngnpc ἀρχή@nafpc ἀπόστασις@ngfsc ἐνδίδωμι@vppanms αὐτός@rpdmp"
"Arat._24.4","πτολεμαῖος@namsp δέ@b σύμμαχος@namsc ποιέω@viaa3s ὁ@dgmp ἀχαιός@ngmpp ἡγεμονία@nafsc ἔχω@vppaams πόλεμος@ngmsc καί@b κατά@p γῆ@nafsc καί@cs θάλασσα@nafsc οὕτως@b δέ@b ἰσχύω@viaa3s ἐν@p ὁ@ddmp ἀχαιός@ndmpp ὥστε@cs εἰ@cs μή@b κατά@p ἐνιαυτός@namsc ἔξεστι@viia3s παρά@p ἐνιαυτός@namsc αἱρέω@vnpe-- στρατηγός@namsc αὐτός@rpams ἔργον@ndnsc δέ@cs καί@cs γνώμη@ndfsc διά@p πᾶς@angns- ἄρχω@vnpa-- ὁράω@viia1s γάρ@b αὐτός@rpams οὐ@b πλοῦτος1@namsc οὐ@b δόξα@nafsc οὐ@b φιλία@nafsc βασιλικός@anafs- οὐ@b ὁ@dans ὁ@dgfs ἑαυτοῦ@rpgms πατρίς@ngfsc συμφέρω@vppaans οὐ@b ἄλλος@anans- τις@rpans ὁ@dgfs αὔξησις@ngfsc ὁ@dgmp ἀχαιός@ngmpp ἐπίπροσθεν@b ποιέω@vppeams"
"Arat._24.5","ἡγέομαι@viie3s γάρ@b ἀσθενής@anafp- ἴδιος@andfs- ὁ@dafp πόλις@nafpc ὑπάρχω@vppaafp σώζω@vnpe-- διά@p ἀλλήλων@rpgfp ὥσπερ@cs ἐνδέω1@vpreafp ὁ@ddns κοινός@andns- συμφέρω@vppadns καί@cs καθά@cs ὁ@dnnp μέρος@nnnpc ὁ@dgns σῶμα@ngnsc ζάω@vppaanp καί@cs συμπνέω@vppannp διά@p ὁ@dafs πρός@p ἀλλήλων@rpanp συμφυΐα@nafsc ὅταν@cs ἀποσπάω@vsap3s καί@cs γίγνομαι@vsam3s χωρίς@b ἀτροφέω@vipa3s καί@cs σήπω@vipe3s παραπλήσιος@b ὁ@dafp πόλις@nafpc ἀπόλλυμι@vnpe-- μέν@b ὑπό@p ὁ@dgmp διασπάω@vppagmp ὁ@dans κοινός@anans- αὐξάνω@vnpe-- δέ@b ὑπό@p ἀλλήλων@rpgfp ὅταν@cs ὅλος@angns- τις@rpgns μέγας@angns- μέρος@nnnpc γίγνομαι@vpamnfp κοινός@angfs- πρόνοια@ngfsc τυγχάνω@vspa3p"
"Arat._25.1","ὁράω@vppanms δέ@b ὁ@damp ἄριστος@anamp- ὁ@dgmp πρόσοικος@ngmpc αὐτονομέομαι@vppeamp ἀργεῖος@ndmpp δέ@cs δουλεύω@vppadmp ἄχθομαι@vppenms ἐπιβουλεύω@viia3s ἀναιρέω@vnaa-- ὁ@dams τύραννος@namsc αὐτός@rpgmp ἀριστόμαχος@namsp ἅμα@b ὁ@ddfs τε@b πόλις@ndfsc θρεπτήριος@ananp- ὁ@dafs ἐλευθερία@nafsc ἀποδίδωμι@vnaa-- φιλοτιμέομαι@vppenms καί@cs ὁ@ddmp ἀχαιός@ndmpp προσκομίζω@vnaa-- ὁ@dafs πόλις@nafsc"
"Arat._25.2","ὁ@dnmp μέν@b οὖν@b τολμάω@vppanmp εὑρίσκω@viap3p ὅς@rpgmp αἰσχύλος@nnmsp προειστήκω@vila3s καί@cs χαρίζομαι@nnmsp ὁ@dnms μάντις@nnmsc ξίφος@nanpc δέ@b οὐ@b ἔχω@viia3p ἀλλά@cs ἀπόἐρῶ@vile3s κτάομαι@vnre-- καί@cs ζημία@nnfpc μέγας@annfp- ὁ@ddnp κτάομαι@vprednp ἔπειμι1@viia3p ὑπό@p ὁ@dgms τύραννος@ngmsc κατασκευάζω@vpaanms οὖν@b ὁ@dnms ἄρατος@nnmsp αὐτός@rpdmp ἐν@p κόρινθος@ndfsp μικρός@anafp- παραξιφίς@nafpc ἐνέρραψα@viaa3s εἰς@p σάγμα@nanpc καί@b οὗτος@rpanp περιτίθημι@vpaanms ὑποζύγιον@ndnpc σκεῦος@nanpc τις@ananp- παραμελέω@vpreanp κομίζω@vppadmp εἰς@p ἄργος@nansp ἀποστέλλω@viaa3s"
"Arat._25.3","χαρίζομαι@ngmsp δέ@b ὁ@dgms μάντις@ngmsc προσλαμβάνω@vpaagms ἐπί@p ὁ@dafs πρᾶξις@nafsc ἄνθρωπος@namsc ὁ@dnmp περί@p ὁ@dams αἰσχύλος@namsp ἀγανακτέω@viaa3p καί@cs διά@p ἑαυτοῦ@rpgmp πράσσω@viia3p ὁ@dgms χαρίζομαι@ngmsp καταγιγνώσκω@vpaanmp αἰσθάνομαι@vpamnms δέ@b ἐκεῖνος@rpnms ὀργή@ndfsc καταμηνύω@viaa3s ὁ@damp ἀνήρ@nampc ἤδη@b βαδίζω@vppaamp ἐπί@p ὁ@dams τύραννος@namsc ὅς@rpgmp ὁ@dnmp πολύς@annmp- φθάνω@vpaanmp ἐκ@p ἀγορά@ngfsc ἀποφεύγω@viaa3p καί@cs διαπίπτω@viaa3p εἰς@p κόρινθος@nafsp"
"Arat._25.4","οὐ@b μήν@b ἀλλά@b χρόνος@ngmsc βραχύς@angms- διέρχομαι@vpaagms ἀποθνήσκω@vipa3s μέν@b ὑπό@p δοῦλος@ngmpc ἀριστόμαχος@nnmsp ὑπολαμβάνω@vipa3s δέ@cs ὁ@dafs ἀρχή@nafsc φθάνω@vpaanms ἀρίστιππος@nnmsp ἐξώλης@annms- ἐκεῖνος@rpgms τύραννος@nnmsc ὅσος@annmp- δή@b ὁ@dgmp ἀχαιός@ngmpp ἐν@p ἡλικία@ndfsc πάρειμι1@vppanmp τυγχάνω@viaa3p οὗτος@rpamp ἀναλαμβάνω@vpaanms ὁ@dnms ἄρατος@nnmsp βοηθέω@viia3s πρός@p ὁ@dafs πόλις@nafsc ὀξέως@b οἴομαι@vppenms εὑρίσκω@vnfa-- ὁ@danp ὁ@dgmp ἀργεῖος@ngmpp πρόθυμος@ananp-"
"Arat._25.5","ὁ@dgmp δέ@b πολύς@angmp- ἤδη@b διά@p συνήθεια@nafsc ἐθελόδουλος@b ἔχω@vppagmp καί@cs μηδείς@rpgms ἀφίστημι@vppegms πρός@p αὐτός@rpams ἀναχωρέω@viaa3s ἔγκλημα@nansc κατασκευάζω@vpranms ὁ@ddmp ἀχαιός@ndmpp ὡς@b ἐν@p εἰρήνη@ndfsc πόλεμος@namsc ἐκφέρω@vpradmp καί@b δίκη@nafsc ἔχω@viaa1s ἐπί@p οὗτος@rpdns παρά@p μαντινεύς@ndmpp ὅς@rpafs ἄρατος@ngmsp μ@ ή@b πάρειμι1@vppagms ἀρίστιππος@nnmsp αἱρέω@viaa3s διώκω@vppanms καί@cs μνᾶ@ngfpc τιμάω@viap3s τριάκοντα@an----"
"Arat._25.6","ὁ@dams δέ@b ἄρατος@namsp αὐτός@anams- ἅμα@b καί@b μισέω@vppanms καί@cs δείδω@vpranms ἐπιβουλεύω@viia3s ἀναιρέω@vnaa-- συνεργέω@vppagms ἀντίγονος@ngmsp ὁ@dgms βασιλεύς@ngmsc καί@b πανταχοῦ@b σχεδόν@b εἰμί@viia3p ὁ@dnmp οὗτος@rpans πράσσω@vppanmp αὐτός@rpdmp καί@cs καιρός@namsc ἐπιτηρέω@vppanmp"
"Arat._25.7","ἀλλά@b οὐδείς@rpans οἷος@rpans ἀληθινός@annfs- καί@cs βέβαιος@annfs- εὔνοια@nnfsc φυλακτήριον@annns- ἀνήρ@ngmsc ἄρχω@vppagms ὅταν@cs γάρ@b ἐθίζω@vsap3p ὅς@dnmp τε@cs πολύς@annmp- καί@cs ὁ@dnmp δυνατός@annmp- μή@b ὁ@dams ἡγέομαι@vppeams ἀλλά@cs ὑπέρ@p ὁ@dgms ἡγέομαι@vppmgmp δείδω@vnra-- πολύς@andnp- μέν@b ὄμμα@ndnpc ὁράω@vipa3s διά@p πολύς@angnp- δέ@b οὖς@ngnpc ἀκούω@vipa3s καί@cs προαισθάνομαι@vipe3s ὁ@danp γίγνομαι@vppeanp διό@b καί@cs βούλομαι@vipe1s ὁ@dams λόγος@namsc ἐφίστημι@vpaanms ἐνταῦθα@b πού@b διεξέρχομαι@vnaa-- περί@p ὁ@dgfs ἀρίστιππος@ngmsp δίαιτα@ngfsc ὅς@rpafs ὁ@dnfs ζηλοτυπέω@vppenfs τυραννίς@nnfsc αὐτός@rpdms καί@cs ὁ@dnms ὁ@dgfs μακάριος@ngfsc καί@cs περιβόητος@angfs- μοναρχία@ngfsc ὄγκος@nnmsc περιτίθημι@viaa3s"
"Arat._26.1","ἐκεῖνος@rpnms γάρ@b ἀντίγονος@namsp μέν@b ἔχω@vppanms σύμμαχος@anams- τρέφω@vppanms δέ@b πολύς@anamp- ἕνεκα@p ὁ@dgfs ὁ@dgns σῶμα@ngnsc ἀσφάλεια@ngfsc οὐδείς@rpams δέ@cs ἐν@p ὁ@ddfs πόλις@ndfsc ζάω@vppaams ὁ@dgmp ἐχθρός@ngmpc ὑπολείπω@vpranms ὁ@damp μέν@b δορύφορος@nampc καί@cs φύλαξ@nampc ἔξω@b παρεμβάλλω@vnpa-- κελεύω@viia3s ἐν@p ὁ@ddms περίστυλος@ndnsc"
"Arat._26.2","ὁ@damp δέ@cs οἰκέτης@nampc ὁπότε@cs δειπνέω@voaa3s ταχύς@ananps πᾶς@anamp- ἐξελαύνω@vppanms καί@cs ὁ@dafs μέταυλος@nafsc ἀποκλείω@vppanms μετά@p ὁ@dgfs ἐρώμενος@ngfsc αὐτός@rpnms εἰς@p οἴκημα@nansc καταδύω@viie3s μικρός@anans- ὑπερῷον@anans- θύρα@ndfsc καταρρακτός@ndfsc κλείω@vppeans ὅς@rpgfs ὑπεράνω@b ὁ@dafs κλίνη@nafsc ἐπιτίθημι@vppanms καθεύδω@viia3s ὡς@cs ἔοικα@vpranns καθεύδω@vnpa-- ὁ@dams οὕτως@b ἔχω@vppaams ταραχώδης@b καί@cs περίφοβος@b"
"Arat._26.3","ὁ@dans δέ@b κλιμάκιον@nansc ὁ@dnfs ὁ@dgfs ἐρώμενος@ngfsc μήτηρ@nnfsc ὑφαιρέω@vppanfs κατακλίνω@viia3s εἰς@p ἕτερος@anans- οἴκημα@nansc καί@cs πάλιν@b ἅμα@p ἡμέρα@ndfsc προστίθημι@viia3s καί@cs συγκαλέω@viia3s ὁ@dams θαυμαστός@anams- τύραννος@namsc ὥσπερ@cs ἑρπετόν@nansc ἐκ@p φωλεός@ngmsc κατέρχομαι@vppeams ὁ@dnms δέ@b οὐ@b ὅπλον@ndnpc κατά@p βία@nafsc νόμος@ndmsc δέ@cs ὑπό@p ἀρετή@ngfsc ἄπαυστος@anafs- ἀρχή@nafsc περιποιέω@vprenms ἐν@p ἱμάτιον@ndnsc καί@cs χλαμυδίῳ@ndnsc ὁ@ddns τυγχάνω@vpaadms ὁ@dgmp πώποτε@b τύραννος@ngmpc κοινός@annms- ἀποδείκνυμι@vprenms ἐχθρός@nnmsc ἄχρι@p ὁ@dgfs σήμερον@b ἡμέρα@ngfsc γένος@nansc εὐδόκιμος@ananss ἀπολείπω@vira3s ἐν@p ὁ@ddmp ἕλλην@ndmpp"
"Arat._26.4","ἐκεῖνος@rpgmp δέ@b ὁ@dgmp ὁ@dafp ἄκρα@nafpc καταλαμβάνω@vppagmp καί@cs ὁ@damp δορύφορος@anamp- τρέφω@vppagmp καί@cs ὁ@danp ὅπλον@nanpc καί@b ὁ@dafp πύλη@nafpc καί@cs ὁ@damp καταρράκτης@nampc προβάλλω@vppegmp ὑπέρ@p ὁ@dgfs ὁ@dgns σῶμα@ngnsc ἀσφάλεια@ngfsc ὀλίγος@annmp- ὁ@dams ἐκ@p πληγή@ngfsc θάνατος@namsc ὥσπερ@cs ὁ@dnmp λαγῶς@nnmpc διαφεύγω@viaa3p οἶκος@nnmsc δέ@cs ἤ1@b γένος@nansc ἤ1@cs τάφος@nansc ἔχω@vppanms τιμάω@vppeafs μνήμη@nafsc οὐδείς@rpgns λείπω@vire3s"
"Arat._27.1","πρός@p δέ@b οὖν@b ὁ@dams ἀρίστιππος@namsp ὁ@dnms ἄρατος@nnmsp καί@b κρύφα@b πολλάκις@b καί@cs φανερός@b προσπταίω@viaa3s ἐπιχειρέω@vpaanms καταλαμβάνω@vnpa-- ὁ@dans ἄργος@nansp ἅπαξ@b δέ@cs κλῖμαξ@nafpc προστίθημι@vpaanms μετά@p ὀλίγος@angmp- ἐπί@p ὁ@dans τεῖχος@nansc ἀναβαίνω@viaa3s παράβολος@b καί@cs ὁ@damp βοηθέω@vppaamp ἐνταῦθα@b ὁ@dgmp φυλακός@ngmpc ἀποκτείνω@viaa3s"
"Arat._27.2","εἶτα@b ἡμέρα@ngfsc ἐπιφαίνω@vpapgfs καί@cs ὁ@dgms τύραννος@ngmsc πανταχόθεν@b αὐτός@rpdms προσβάλλω@vppagms ὁ@dnmp μέν@b ἀργεῖος@nnmpp καθά@cs οὐ@b ὑπέρ@p ὁ@dgfs ἐκεῖνος@rpgmp ἐλευθερία@ngfsc ὁ@dgfs μάχη@ngfsc εἰμί@vppagfs ἀλλά@cs ὡς@b ὁ@dams ἀγών@namsc ὁ@dgmp νέμειος@ngmpp βραβεύω@vppanmp ἴσος@annmp- καί@cs δίκαιος@annmp- θεατής@nnmpc κατάκάθημαι@viie3p ὁ@dgnp γίγνομαι@vppegnp πολύς@anafs- ἡσυχία@nafsc ἄγω@vppanmp ὁ@dnms δέ@cs ἄρατος@nnmsp εὔρωστος@b ἀμύνω@vppenms λόγχη@ndfsc μέν@b ἐκ@p χείρ@ngfsc διελαύνω@vipe3s ὁ@dams μηρός@namsc κρατέω@viaa3s δέ@b ὁ@dgmp τόπος@ngmpc ἐν@p ὅς@rpdmp εἰμί@viia3s καί@cs οὐ@b ἐξωθέω@viap3s μέχρι@p νύξ@ngfsc ἐνοχλέω@vppenms ὑπό@p ὁ@dgmp πολέμιος@ngmpc"
"Arat._27.3","εἰ@cs δέ@b καί@b ὁ@dafs νύξ@nafsc ὁ@ddms πόνος@ndmsc προστεταλαιπωρέω@viaa3s οὐ@b ἄν@b διαμαρτάνω@viaa3s ὁ@dnms γάρ@b τύραννος@nnmsc ἤδη@b περί@p δρασμός@namsc ἔχω@viia3s καί@cs πολύς@ananp- ὁ@dgnp ἴδιος@angnp- ἐπί@p θάλασσα@nafsc προεκπέμπω@viaa3s νῦν@b δέ@cs οὗτος@rpans μέν@b οὐδείς@rpgms ἐξαγγέλλω@vpaagms πρός@p ὁ@dams ἄρατος@namsp ὕδωρ@ngnsc δέ@b ἐπιλείπω@vpaagms ἑαυτοῦ@rpdms δέ@cs χράω2@vnam-- διά@p ὁ@dans τραῦμα@nansc μή@b δύναμαι@vppenms ἀπάγω@viaa3s ὁ@damp στρατιώτης@nampc"
"Arat._28.1","ἐπεί@cs δέ@b οὗτος@anafs- ἀπογιγνώσκω@viaa3s ὁ@dafs ὁδός@nafsc ἐμβάλλω@vpaanms φανερός@b ὁ@ddns στρατόπεδον@ndnsc ὁ@dafs ἀργολίς@nafsp χώρα@nafsc πορθέω@viia3s καί@b περί@p ὁ@dams χάρης@namsp ποταμός@namsc ἰσχυρός@angfs- μάχη@ngfsc γίγνομαι@vpamgfs πρός@p ἀρίστιππος@namsp αἰτία@nafsc ἔχω@viaa3s ὡς@b ἐγκαταλείπω@vpaanms ὁ@dams ἀγών@namsc καί@cs προίημι@vpamnms ὁ@dans νίκημα@nansc ὁ@dgfs γάρ@b ἄλλος@angfs- δύναμις@ngfsc ὁμολογουμένως@b ἐπικρατέω@vppagfs καί@cs ὁ@ddms διωγμός@ndmsc πολύς@anans- προέρχομαι@vpaagfs εἰς@p ὁ@dans ἔμπροσθεν@b αὐτός@rpnms οὐ@b οὕτως@b ἐκβιάζω@vpapnms ὑπό@p ὁ@dgmp κατά@p ἑαυτοῦ@rpams ὡς@b ἀπιστέω@vppanms ὁ@ddns κατόρθωμα@ndnsc καί@cs φοβέω@vpapnms ἀναχωρέω@viaa3s ταράσσω@vprenms εἰς@p ὁ@dans στρατόπεδον@nansc"
"Arat._28.2","ἐπεί@cs δέ@b ἀπό@p ὁ@dgfs δίωξις@ngfsc ἐπανέρχομαι@vpaanmp ὁ@dnmp λοιπός@annmp- χαλεπός@b φέρω@viia3p ὅτι@cs τρέπω@vpamnmp ὁ@damp πολέμιος@nampc καί@cs πολύς@anans- πλείων@anafpc ἐκεῖνος@rpgmp καταβάλλω@vpaanmp ἤ1@cs σφεῖς@rpgmp αὐτός@angmp- ἀπόλλυμι@vpaanmp παραλείπω@vira3p ὁ@ddmp ἡττάω@vppedmp ἵστημι@vnaa-- κατά@p αὐτός@rpgmp τρόπαιον@nansc αἰσχύνω@vpapnms πάλιν@b γιγνώσκω@viaa3s διαμάχομαι@vnpe-- περί@p ὁ@dgns τροπαῖος@ngnsc καί@cs εἷς@anafs- ἡμέρα@nafsc διαλείπω@vpaanms αὖθις@b ἐξετάζω@viaa3s ὁ@dafs στρατιά@nafsc"
"Arat._28.3","ὡς@cs δέ@b αἰσθάνομαι@viam3s πλείων@anampc γίγνομαι@vpraamp καί@cs θαρσαλέος@anansc ἀνθίστημι@vppeamp ὁ@damp περί@p ὁ@dams τύραννος@namsc οὐ@b τολμάω@viaa3s ἀλλά@cs ἀπέρχομαι@viaa3s ὁ@damp νεκρός@nampc ὑπόσπονδος@anamp- ἀναιρέω@vpamnms οὐ@b μήν@b ἀλλά@b ὁ@ddfs περί@p ὁ@dafs ὁμιλία@nafsc καί@cs πολιτεία@nafsc ἐμπειρία@nnfpc καί@cs χάρις@ndfsc ὁ@dafs διαμαρτία@nafsc οὗτος@anafs- ἀναμάχομαι@vppenms προσάγω@viam3s ὁ@dafp κλεωναί@nafpp ὁ@ddmp ἀχαιός@ndmpp καί@cs ὁ@dams ἀγών@namsc ὁ@dgmp νέμειος@ngmpp ἄγω@viaa3s ἐν@p κλεωναί@ndfpp ὡς@b πάτριος@anams- εἰμί@vppaams καί@cs μᾶλλον@b προσήκω@vppaams οὗτος@rpdmp"
"Arat._28.4","ἄγω@viaa3p δέ@b καί@b ἀργεῖος@nnmpp καί@cs συγχέω@viap3s τότε@b πρῶτος@anans- ὁ@dnfs δίδωμι@vprenfs ὁ@ddmp ἀγωνιστής@ndmpc ἀσυλία@nnfsc καί@cs ἀσφάλεια@nnfsc πᾶς@anamp- ὁ@dgmp ἀχαιός@ngmpp ὅσος@anamp- λαμβάνω@viaa3p ἀγωνίζομαι@vpreamp ἐν@p ἄργος@ndnsp διά@p ὁ@dgfs χώρα@ngfsc πορεύω@vppeamp ὡς@b πολέμιος@nampc ἀποδίδωμι@vppegmp οὕτως@b σφοδρός@annms- εἰμί@viia3s καί@cs ἀπαραίτητος@annms- ἐν@p ὁ@ddns μισέω@vnpa-- ὁ@damp τύραννος@nampc"
"Arat._29.1","ὀλίγος@andns- δέ@b ὕστερος@anans- ἀκούω@vpaanms ὁ@dams ἀρίστιππος@namsp ἐπιβουλεύω@vnpa-- μέν@b ὁ@ddfp κλεωναί@ndfpp φοβέω@vnpe-- δέ@cs ἐκεῖνος@rpams ἐν@p κόρινθος@ndfsp κατάἕζομαι@vppeams ἀθροίζω@viaa3s ἐκ@p παράγγελμα@ngnsc στρατεία@nafsc καί@b σιτίον@nanpc κελεύω@vpaanms πλείων@angfp- ἡμέρα@ngfpc κομίζω@vnpa-- εἰς@p κεγχρεαί@nafpp κατέρχομαι@viaa3s ἐκκαλέω@vpfmnms διά@p ἀπάτη@ngfsc ὁ@dams ἀρίστιππος@namsp ὡς@b αὐτός@rpgms μή@b πάρειμι1@vppagms ἐπιτίθημι@vnae-- ὁ@ddmp κλεωναῖος@ndmpp ὅς@rpnns καί@b συμβαίνω@viaa3s πάρειμι1@viia3s γάρ@b εὐθύς2@b ἐκ@p ἄργος@ngnsp ἔχω@vppanms ὁ@dafs δύναμις@nafsc"
"Arat._29.2","ὁ@dnms δέ@b ἄρατος@nnmsp εἰς@p κόρινθος@nafsp ἤδη@b σκοταῖος@annms- ἐκ@p κεγχρέα@ngfpp ὑποστρέφω@vpaanms καί@cs ὁ@dafp ὁδός@nafpc φυλακή@ndfpc διαλαμβάνω@vpaanms ἄγω@viia3s ὁ@damp ἀχαιός@nampp ἕπομαι@vppeamp οὕτως@b μέν@b εὐτάκτως@b οὕτως@b δέ@cs ταχύς@b καί@cs πρόθυμος@b ὥστε@cs μή@b μόνος@anans- ὁδεύω@vppaamp ἀλλά@cs καί@b παρέρχομαι@vpaaamp εἰς@p ὁ@dafp κλεωναί@nafpp ἔτι@b νύξ@ngfsc εἰμί@vppagfs καί@cs συντάσσω@vpamamp ἐπί@p μάχη@nafsc ἀγνοέω@vnpe-- καί@cs λανθάνω@vnpa-- ὁ@dams ἀρίστιππος@namsp"
"Arat._29.3","ἅμα@p δέ@b ἡμέρα@ndfsc ὁ@dgfp πύλη@ngfpc ἀνοίγνυμι@vpapgfp καί@cs ὁ@dgfs σάλπιγξ@ngfsc ἐγκελεύω@vpamgfs δρόμος@ndmsc καί@cs ἀλαλαγμός@ndmsc προσπίτνω@vpaanms ὁ@ddmp πολέμιος@ndmpc εὐθύς2@b τρέπω@viam3s καί@cs κατέχω@viia3s διώκω@vppanms ὅς@rpdfs μάλιστα@b φεύγω@vnpa-- ὑπολογίζομαι@viia3s ὁ@dams ἀρίστιππος@namsp ἐκτροπή@nafpc πολύς@anafp- ὁ@dgnp χωρίον@ngnpc ἔχω@vppagnp"
"Arat._29.4","γίγνομαι@vpamgfs δέ@b ὁ@dgfs δίωξις@ngfsc ἄχρι@p μυκηναί@ngmpp ὁ@dnms μέν@b τύραννος@nnmsc ὑπό@p κρής@ngmsp τις@angms- ὡς@cs δεινίας@nnmsp ἱστορέω@vipa3s ὁ@dans ὄνομα@nansc τραγίσκος@ngmsp καταλαμβάνω@vpapnms ἀποσφάζω@vipe3s ὁ@dgmp δέ@cs ἄλλος@rpgmp πίπτω@vmaa2s ὑπέρ@p χίλιοι@anamp- πεντακόσιοι@anamp- ὁ@dnms δέ@b ἄρατος@nnmsp οὕτως@b λαμπρός@b εὐτυχέω@vpaanms καί@cs μηδείς@rpams ὁ@dgmp αὐτός@rpgms στρατιώτης@ngmpc ἀποβάλλω@vpaanms ὅμως@b οὐ@b λαμβάνω@viaa3s ὁ@dans ἄργος@nansp οὐ@b δέ@cs ἐλευθερόω@viaa3s ὁ@dgmp περί@p ἄγιος@namsp καί@cs ὁ@dams νέος@anamsc ἀριστόμαχος@namsp μετά@p δύναμις@ngfsc βασιλικός@angfs- παρεισπίπτω@vpaagmp καί@cs κατέχω@vpaagmp ὁ@danp πρᾶγμα@nanpc"
"Arat._29.5","ὁ@dans μέν@b οὖν@b πολύς@anans- ὁ@dgfs διαβολή@ngfsc καί@b λόγος@nampc καί@b σκῶμμα@nanpc καί@cs βωμολοχία@ngfsc παραιρέω@viam3s ὁ@dgmp κολακεύω@vppagmp ὁ@damp τύραννος@nampc καί@cs διέξειμι@vppagmp ἐκεῖνος@rpdmp χαρίζομαι@vppegmp ὡς@cs ὁ@dgms στρατηγός@ngmsc ὁ@dgmp ἀχαιός@ngmpp ἐκταράσσω@vope3s μέν@b ὁ@dnfs κοιλία@nnfsc παρά@p ὁ@dafp μάχη@nafpc κάρος@nansc δέ@b προσπίπτω@vopa3s καί@cs ἴλιγγος@nansc ἅμα@p ὁ@ddns παρίστημι@vnaa-- ὁ@dams σαλπιγκτής@namsc ἐκτάσσω@vpaanms δέ@cs ὁ@dafs δύναμις@nafsc καί@cs ὁ@dans σύνθημα@nansc παρεγγυάω@vpaanms καί@cs πυνθάνομαι@vpamnms ὁ@dgmp ὑποστράτηγος@ngmpc καί@cs λοχαγός@ngmpc μή@cs τις@annfs- αὐτός@rpgms χρεία@nnfsc πάρειμι1@vppagms βάλλω@vnre-- γάρ@b ὁ@damp ἀστράγαλος@nampc ἀπέρχομαι@vope3s καραδοκέω@vpfanms πρόσωθεν@b ὁ@dans συμβαίνω@vpfmans"
"Arat._29.6","οὗτος@rpanp γάρ@b οὕτως@b ἰσχύω@viaa3s ὥστε@cs καί@b ὁ@damp φιλόσοφος@nampc ἐν@p ὁ@ddfp σχολή@ndfpc ζητέω@vppaamp εἰ@cs ὁ@dnns πάλλω@vnpe-- ὁ@dafs καρδία@nafsc καί@b ὁ@dans χρῶμα@nansc τρέπω@vnpe-- καί@cs ὁ@dafs κοιλία@nafsc ἐξυγραίνω@vnpe-- παρά@p ὁ@danp φαίνω@vppeanp δεινός@annnp- δειλία@ngfsc εἰμί@vipa3s ἤ1@cs δυσκρασία@ngfsc τις@angfs- περί@p ὁ@dans σῶμα@nansc καί@cs ψυχρότης@ngfsc ὀνομάζω@vnpa-- ἀεί@b ὁ@dams ἄρατος@namsp ὡς@b ἀγαθός@anams- μέν@b εἰμί@vppaams στρατηγός@namsc ἀεί@b δέ@cs οὗτος@rpanp πάσχω@vppaams παρά@p ὁ@damp ἀγών@nampc"
"Arat._30.1","ὡς@cs δέ@b οὖν@b ὁ@dams ἀρίστιππος@namsp ἀναιρέω@viaa3s εὐθύς2@b ἐπιβουλεύω@viaa3s λυδιάδης@ndmsp ὁ@ddms μεγαλοπολίτης@ndmsp τυραννεύω@vppadms ὁ@dgfs ἑαυτοῦ@rpgms πατρίς@ngfsc ὁ@dnms δέ@cs οὐ@b εἰμί@vppanms ἀγεννής@annms- οὐ@b δέ@cs ἀφιλότιμος@annms- ὁ@dafs φύσις@nafsc οὐ@b δέ@cs ὥσπερ@cs ὁ@dnmp πολύς@annmp- ὁ@dgmp μόναρχος@ngmpc ἀκρασία@ndfsc καί@b πλεονεξία@ndfsc πρός@p οὗτος@anafs- ῥύομαι@vpapnms ὁ@dafs ἀδικία@nafsc ἀλλά@cs ἐπαίρω@vpapnms ἔρως@ndmsc δόξα@ngfsc ἔτι@b νέος@annms- καί@b λόγος@nampc ψευδής@anamp- καί@cs κενός@anamp- λέγω3@vppeamp περί@p τυραννίς@ngfsc ὡς@b μακάριος@angns- καί@cs θαυμαστός@angns- πρᾶγμα@ngnsc εἰς@p μέγας@anans- φρόνημα@nansc παραδείκνυμι@vpamnms ἀνόητος@b καί@cs καθίστημι@vpaanms ἑαυτοῦ@rpams τύραννος@namsc ταχύς@anans- μεστός@annms- εἰμί@viia3s ὁ@dgfs ἐκ@p μοναρχία@ngfsc βαρύτης@ngfsc"
"Arat._30.2","ἅμα@b δέ@b ζηλόω@vppanms εὐημερέω@vppaams καί@cs δείδω@vpranms ἐπιβουλεύω@vppaams ὁ@dams ἄρατος@namsp ὁρμάω@viaa3s καλός@anafss ὁρμή@nafsc μεταβάλλω@vpamnms πρῶτος@anans- μέν@b ἑαυτοῦ@rpams ἐλευθερόω@vnaa-- μῖσος@ngnsc καί@b φόβος@ngmsc καί@b φρουρά@ngfsc καί@cs δορύφορος@angmp- εἶτα@b ὁ@dgfs πατρίς@ngfsc εὐεργέτης@nnmsc γίγνομαι@vnam-- καί@cs μεταπέμπω@vpamnms ὁ@dams ἄρατος@namsp ἀφίημι@viaa3s ὁ@dafs ἀρχή@nafsc καί@cs ὁ@dafs πόλις@nafsc εἰς@p ὁ@damp ἀχαιός@nampp μετακομίζω@viaa3s ἐπί@p ὅς@rpdnp μεγαλύνω@vppanmp αὐτός@rpams ὁ@dnmp ἀχαιός@nnmpp στρατηγός@namsc αἱρέω@viam3p"
"Arat._30.3","φιλοτιμέομαι@vppenms δέ@b εὐθύς2@b ὑπερβάλλω@vnaa-- δόξα@ndfsc ὁ@dams ἄρατος@namsp ἄλλος@anafp- τε@b πολύς@anafp- πρᾶξις@nafpc οὐ@b ἀναγκαῖος@anafp- εἰμί@vnpa-- δοκέω@vpaanms καί@b στρατεία@nafsc ἐπί@p λακεδαιμόνιος@nampp παραγγέλλω@viaa3s ἐνίστημι@vppenms δέ@b ὁ@dnms ἄρατος@nnmsp αὐτός@rpdms φθονέω@vnpa-- δοκέω@viia3s καί@b ὁ@dans γε@b δεύτερος@anans- ὁ@dnms λυδιάδης@nnmsp στρατηγός@nnmsc αἱρέω@viap3s ἀντιπράσσω@vppagms ἄντικρυς@b ἄρατος@ngmsp καί@cs σπουδάζω@vppagms ἕτερος@andms- παραδίδωμι@vnap-- ὁ@dafs ἀρχή@nafsc αὐτός@rpnms μέν@b γάρ@b ὡς@cs ἐρῶ@vire3s παρά@p ἐνιαυτός@namsc ἄρχω@viia3s"
"Arat._30.4","μέχρι@p μέν@b οὖν@b τρίτος@angfs- στρατηγία@ngfsc ὁ@dnms λυδιάδης@nnmsp εὖ@b φέρω@vppenms διατελέω@viia3s καί@cs παρά@p ἐνιαυτός@namsc ἄρχω@viia3s ἐναλλάξ@b ὁ@ddms ἄρατος@ndmsp στρατηγός@vppanms φανερός@anafs- δέ@b ἐκφέρω@vpamnms ἔχθρα@nafsc καί@cs πολλάκις@b αὐτός@rpgms κατηγορέω@vpaanms ἐν@p ὁ@ddmp ἀχαιός@ndmpp ἀπορρίπτω@viap3s καί@cs παροράω@viap3s πλάσσω@vpredns δοκέω@vppanms ἦθος@ndnsc πρός@p ἀληθινός@anafs- καί@cs ἀκέραιος@anafs- ἀρετή@nafsc ἁμιλλάομαι@vnpe--"
"Arat._30.5","καί@b καθά@cs ὁ@ddms κόκκυξ@ndmsc φημί@vipa3s αἴσωπος@nnmsp ἐρωτάω@vppadms ὁ@damp λεπτός@anamp- ὄρνις@nampc ὅς@rpans τις@anans- φεύγω@vopa3p αὐτός@rpams εἶπον@vnaa-- ἐκεῖνος@rpamp ὡς@cs εἰμί@vifm3s ποτέ@b ἱέραξ@nnmsc οὕτως@b ἔοικα@vira3s ὁ@ddms λυδιάδης@ndmsp παρακολουθέω@vnpa-- ἐκ@p ὁ@dgfs τυραννίς@ngfsc ὑποψία@nnfsc βλάπτω@vppanfs ὁ@dafs φύσις@nafsc αὐτός@rpgms ὁ@dgfs μεταβολή@ngfsc"
"Arat._31.1","ὁ@dnms δέ@b ἄρατος@nnmsp εὐδοκιμέω@viaa3s καί@b περί@p ὁ@dafp αἰτωλικός@anafp- πρᾶξις@nafpc ὅτε@cs συμβάλλω@vnfa-- μέν@b αὐτός@rpdmp πρό@p ὁ@dgfs μεγαρικός@angfs- ὁρμάω@vpregmp ὁ@dgmp ἀχαιός@ngmpp καί@cs ὁ@dgms βασιλεύς@ngmsc ὁ@dgmp λακεδαιμόνιος@ngmpp ἄγις@ngmsp ἀφικνέομαι@vpamgms μετά@p δύναμις@ngfsc καί@cs συνεξορμάω@vppagms ἐπί@p ὁ@dafs μάχη@nafsc ὁ@damp ἀχαιός@nampp ἐναντιόομαι@vpapnms καί@cs πολύς@ananp- μέν@b ὄνειδος@nanpc πολύς@ananp- δέ@cs εἰς@p μαλακία@nafsc καί@b ἀτολμία@nafsc καί@b σκῶμμα@nanpc καί@cs χλευασμός@namsc ὑπομένω@vpaanms οὐ@b προήκω@viam3s ὁ@dams ὁ@dgms συμφέρω@vppagns λογισμός@namsc διά@p ὁ@dans φαίνω@vppeans αἰσχρός@anans- ἀλλά@cs παραχωρέω@viaa3s ὁ@ddmp πολέμιος@ndmpc ὑπερβάλλω@vppadmp ὁ@dafs γεράνεια@nafsp ἀμαχεί@b παρέρχομαι@vnaa-- εἰς@p πελοπόννησος@nafsp"
"Arat._31.2","ὡς@cs μέντοι@b παρέρχομαι@vpaanmp ἐξαίφνης@b πελλήνη@nafsp καταλαμβάνω@viaa3p οὐκέτι@b εἰμί@viia3s ὁ@dnms αὐτός@rpnms οὐ@b δέ@cs μέλλω@viia3s διατρίβω@vppanms καί@cs περιμένω@vppanms ἀθροίζω@vnap-- καί@cs συνέρχομαι@vnaa-- εἰς@p ὁ@dans αὐτός@rpans πανταχόθεν@b ὁ@dafs δύναμις@nafsc ἀλλά@cs εὐθύς2@b ὁρμάω@viaa3s μετά@p ὁ@dgmp πάρειμι1@vppagmp ἐπί@p ὁ@damp πολέμιος@nampc ἐν@p ὁ@ddns κρατέω@vnpa-- ἀσθενής@anamps διά@p ἀταξία@nafsc καί@cs ὕβρις@nafsc εἰμί@vppaamp"
"Arat._31.3","ἅμα@p γάρ@b ὁ@ddns παρέρχομαι@vnaa-- εἰς@p ὁ@dafs πόλις@nafsc ὁ@dnmp μέν@b στρατιώτης@nnmpc διασπείρω@vpapnmp ἐν@p ὁ@ddfp οἰκία@ndfpc εἰμί@viia3p ἐξωθέω@vppanmp ἀλλήλων@rpamp καί@cs διαμάχομαι@vppenmp περί@p ὁ@dgnp χρῆμα@ngnpc ἡγεμών@nnmpc δέ@cs καί@cs λοχαγός@nnmpc ὁ@dafp γυνή@nafpc καί@cs ὁ@dafp θυγάτηρ@nafpc ὁ@dgmp πελληνεύς@ngmpp περίειμι1@vppanmp ἁρπάζω@viia3p καί@cs ὁ@danp κράνος@nanpc ὁ@danp ἑαυτοῦ@rpgmp ἀφαιρέω@vppanmp ἐκεῖνος@rpdfp περιτίθημι@viia3p ὁ@dgns μηδείς@rpams λαμβάνω@vnaa-- ἄλλος@anams- ἀλλά@cs ὁ@ddms κράνος@ndnsc δῆλος@anams- εἰμί@vnpa-- ὁ@dams δεσπότης@namsc ἕκαστος@angfs- οὕτως@b δέ@b διάκειμαι@vpredmp αὐτός@rpdmp καί@cs οὗτος@rpanp πράσσω@vppadmp ἐξαίφνης@b ὁ@dnms ἄρατος@nnmsp ἐπιπίπτω@vpaanms προσαγγέλλω@viap3s καί@b γίγνομαι@vpamgfs ἔκπληξις@ngfsc οἷος@anafs- ἔοικα@vpranns ἐν@p ἀταξία@ndfsc τοιοῦτος@andfs- πρίν@b ἤ1@cs πᾶς@anamp- πυνθάνομαι@vnam-- ὁ@dams κίνδυνος@namsc ὁ@dnmp πρῶτος@annmp- περί@p ὁ@dafp πύλη@nafpc ὁ@ddmp ἀχαιός@ndmpp καί@cs ὁ@danp προάστειον@nanpc συμπίτνω@vpaanmp φεύγω@viia3p ἤδη@b νικάω@vprenmp καί@cs καταπίμπλημι@viaa3p ἐλαύνω@vppenmp προτροπάδην@b ἀπορία@ngfsc ὁ@damp συνίστημι@vppeamp καί@cs προσβοηθέω@vppaamp"
"Arat._32.1","ἐν@p οὗτος@andms- δέ@b ὁ@ddms τάραχος@ndmsc εἷς@annfs- ὁ@dgmp αἰχμάλωτος@angfp- ἐπιγήθω@ngmsp ἀνήρ@ngmsc ἔνδοξος@angms- θυγάτηρ@nnfsc αὐτός@rpnfs δέ@cs κάλλος@ndnsc καί@cs μέγεθος@ndnsc σῶμα@ngnsc εὐπρεπής@annfs- τυγχάνω@viaa3s μέν@b ἐν@p ὁ@ddns ἱερόν@ndnsc κατάκαθέζομαι@vppenfs ὁ@dgfs ἄρτεμις@ngfsp ὅς@b καθίστημι@viaa3s αὐτός@rpafs ὁ@dnms ἐπιλεκτάρχης@nnmsc αἱρέω@vpaanms ἑαυτοῦ@rpdms καί@cs περιτίθημι@vpaanms ὁ@dafs τριλοφία@nafsc ἄφνω@b δέ@cs ἐκτρέχω@vpaanfs πρός@p ὁ@dams θόρυβος@namsc"
"Arat._32.2","ὡς@cs ἵστημι@viaa3s πρό@p ὁ@dgfp θύρα@ngfpc ὁ@dgns ἱερόν@ngnsc καί@cs καταβλέπω@viaa3s εἰς@p ὁ@damp μάχομαι@vppeamp ἄνωθεν@b ἔχω@vppanfs ὁ@dafs τριλοφία@nafsc αὐτός@andmp- τε@b ὁ@ddmp πολίτης@ndmpc θέαμα@nnnsc σεμνός@annnsc ἤ1@cs κατά@p ἄνθρωπος@namsc φαίνω@viap3s καί@cs ὁ@ddmp πολέμιος@ndmpc φάσμα@nansc θεῖος1@anans- ὁράω@vnpa-- δοκέω@vppadmp φρίκη@nafsc ἐμβάλλω@viaa3s καί@cs θάμβος@nansc ὥστε@cs μηδείς@rpams τρέπω@vnpe-- πρός@p ἀλκή@nafsc αὐτός@annmp- δέ@b πελληνεύς@nnmpp λέγω3@vipa3p ὁ@dans βρέτας@nansc ὁ@dgfs θεός@ngfsc ὁ@dams μέν@b ἄλλος@anams- ἀποκέω@vnpe-- χρόνος@namsc ἄψαυστος@anams- ὅταν@cs δέ@cs κινέω@vpapnns ὑπό@p ὁ@dgfs ἱερεία@ngfsc ἐκφέρω@vspe3s μηδείς@rpams προσβλέπω@vnpa-- ἐναντίον@anans- ἀλλά@cs ἀποτρέπω@vnpe-- πᾶς@anamp- οὐ@b γάρ@b ἄνθρωπος@ndmpc μόνος@anans- ὅραμα@nansc φρικτός@anans- εἰμί@vnpa-- καί@cs χαλεπός@anans- ἀλλά@cs καί@b δένδρον@nanpc ποιέω@vnpa-- ἄφορος@ananp- καί@cs καρπός1@nampc ἀπαμβλίσκω@vnpa-- διά@p ὅς@rpgmp ἄν@b κομίζω@vspe3s"
"Arat._32.3","οὗτος@rpans δή@b τότε@b ὁ@dafs ἱέρεια@nafsc ἐκφέρω@vpamafs καί@cs τρέπω@vppaafs ἀεί@b κατά@p ὁ@damp αἰτωλοί@nampp ἀντιπρόσωπος@anafs- ἔκφρων@nampc καθίστημι@vnaa-- καί@cs παραιρέω@vnam-- ὁ@dams λογισμός@namsc ὁ@dnms δέ@b ἄρατος@nnmsp οὐδείς@rpans ἐν@p ὁ@ddnp ὑπόμνημα@ndnpc ἐρῶ@vmra2s τοιοῦτος@rpams ἀλλά@cs φημί@vipa3s τρέπω@vpamnms ὁ@damp αἰτωλοί@nampp καί@cs φεύγω@vppadmp συνεισπίπτω@vpaanms εἰς@p ὁ@dafs πόλις@nafsc ἐξελαύνω@vnaa-- κατά@p κράτος@nansc ἑπτακόσιοι@anamp- δέ@cs ἀποκτείνω@vnaa-- ὁ@dnns δέ@b ἔργον@nnnsc ἐν@p ὁ@ddnp μέγας@andnps διαβοηθέω@viap3s καί@cs τιμάνθης@nnmsp ὁ@dnms ζωγράφος@nnmsc ποιέω@viaa3s ἐμφαντικός@b ὁ@ddfs διάθεσις@ndfsc ὁ@dafs μάχη@nafsc ἔχω@vppaafs"
"Arat._33.1","οὐ@b μήν@b ἀλλά@b πολύς@angnp- ἔθνος@ngnpc καί@cs δυνάστης@ngmpc ἐπί@p ὁ@damp ἀχαιός@nampp συνίστημι@vppegnp εὐθύς2@b ὁ@dnms ἄρατος@nnmsp πράσσω@viia3s φιλία@nafsc πρός@p ὁ@damp αἰτωλοί@nampp καί@cs πανταλέων@ndmsp ὁ@ddms πλεῖστος@anans- αἰτωλοί@ngmpp δύναμαι@vppedms συνεργός@andms- χράω2@vpamnms οὐ@b μόνος@anans- εἰρήνη@nafsc ἀλλά@cs καί@b συμμαχία@nafsc ὁ@ddmp ἀχαιός@ndmpp πρός@p ὁ@damp αἰτωλοί@nampp ποιέω@viaa3s"
"Arat._33.2","ὁ@damp δέ@b ἀθήναιος@nampp σπουδάζω@vppanms ἐλευθερόω@vnaa-- διαβάλλω@viap3s καί@cs κακός@b ἀκούω@viaa3s ὑπό@p ὁ@dgmp ἀχαιός@ngmpp ὅτι@cs σπονδή@nafpc ποιέω@vpregmp αὐτός@rpgmp πρός@p ὁ@damp μακεδών@nampp καί@cs ἀνοχή@nafpc ἄγω@vppagmp ἐπιχειρέω@viaa3s ὁ@dams πειραιεύς@namsp καταλαμβάνω@vnaa-- αὐτός@rpnms δέ@b ἀρνέομαι@vppenms ἐν@p ὁ@ddnp ὑπόμνημα@ndnpc ὅς@rpdnp ἀπολείπω@vira3s ἐργῖνος@namsp αἰτιάομαι@vipe3s μετά@p ὅς@rpgns ὁ@danp περί@p ὁ@dams ἀκροκόρινθος@namsp πράσσω@viaa3s"
"Arat._33.3","ἐκεῖνος@rpams γάρ@b ἴδιος@andfs- ὁ@ddms πειραιεύς@ndmsp προσβάλλω@vpaaams καί@cs ὁ@dgfs κλῖμαξ@ngfsc συντρίβω@vpapgfs διώκω@vppeams ὀνομάζω@vnpa-- καί@cs καλέω@vnpa-- συνεχής@b ἄρατος@namsp ὥσπερ@b πάρειμι1@vppaams καί@cs διαφεύγω@vnaa-- οὕτως@b ἐξαπατάω@vpaaams ὁ@damp πολέμιος@nampc οὐ@b μήν@b δοκέω@vipa3s πιθανός@b ἀπολογέομαι@vnpe-- ὁ@dams γάρ@b ἐργῖνος@namsp ἄνθρωπος@namsc ἰδιώτης@namsc καί@cs σύρος@namsp ἀπό@p οὐδείς@rpgms εἰμί@viia3s ἔοικα@vpragns ἐπί@p νόος@namsc βάλλω@vnam-- ὁ@dafs τηλικοῦτος@anafs- πρᾶξις@nafsc εἰ@cs μή@b ὁ@dams ἄρατος@namsp ἔχω@viia3s ἡγεμών@namsc καί@cs παρά@p ἐκεῖνος@rpgms ὁ@dafs δύναμις@nafsc καί@cs ὁ@dams καιρός@namsc λαμβάνω@vila3s πρός@p ὁ@dafs ἐπίθεσις@nafsc"
"Arat._33.4","δηλόω@viaa3s δέ@b καί@b αὐτός@annms- ὁ@dnms ἄρατος@nnmsp οὐ@b δίς@b οὐ@b δέ@cs τρίς@b ἀλλά@cs πολλάκις@b ὥσπερ@cs ὁ@dnmp δυσέρωτες@vppanmp ἐπιχειρέω@vpaanms ὁ@ddms πειραιεύς@ndmsp καί@cs πρός@p ὁ@dafp διαμαρτία@nafpc οὐ@b ἀποκαμώ@vpaanms ἀλλά@cs ὁ@ddns παρά@p μικρός@anans- ἀεί@b καί@cs σύνεγγυς@b ἀποσφάλλω@vnpe-- ὁ@dgfp ἐλπίς@ngfpc πρός@p ὁ@dans θαρσέω@vnpa-- ἀνακαλέω@vppenms ἅπαξ@b δέ@b καί@b ὁ@dans σκέλος@nansc σπάω@viaa3s διά@p ὁ@dgms θριάσιος@ngmsp φεύγω@vppanms καί@b τομή@nafpc λαμβάνω@viaa3s πολύς@anafp- θεραπεύω@vppenms καί@cs πολύς@anams- χρόνος@namsc ἐν@p φορεῖον@ndnsc κομίζω@vppenms ποιέω@viie3s ὁ@dafp στρατεία@nafpc"
"Arat._34.1","ἀντίγονος@ngmsp δέ@b ἀποθνήσκω@vpaagms καί@cs δημήτριος@ngmsp ὁ@dafs βασιλεία@nafsc παραλαμβάνω@vpaagms ἔτι@b μᾶλλον@b ἔγκειμαι@viie3s ὁ@ddfp ἀθῆναι@ndfpp καί@cs ὅλος@b καταφρονέω@viia3s ὁ@dgmp μακεδών@ngmpp διό@b καί@b κρατέω@vpapgms αὐτός@rpgms μάχη@ndfsc περί@p φυλακία@nafsp ὑπό@p βίθυς@ngmsp ὁ@dgms δημήτριος@ngmsp στρατηγός@ngmsc καί@cs λόγος@ngmsc γίγνομαι@vpamgms πολύς@angms- μέν@b ὡς@cs ἁλίσκομαι@vira3s πολύς@angms- δέ@cs ὡς@cs θνήσκω@vira3s"
"Arat._34.2","ὁ@dnms μέν@b ὁ@dams πειραιεύς@namsp φρουρός@vppanms διογένης@nnmsp πέμπω@viaa3s ἐπιστολή@nafsc εἰς@p κόρινθος@nafsp ἐξίστημι@vnpe-- ὁ@dgfs πόλις@ngfsc κελεύω@vppanms ὁ@damp ἀχαιός@nampp ἐπεί@cs ἄρατος@nnmsp ἀποθνῄσκω@viaa3s τυγχάνω@viaa3s δέ@cs ὁ@dgnp γράμμα@ngnpc κομίζω@vpapgnp πάρειμι@vppanms αὐτός@annms- ἐν@p κόρινθος@ndfsp καί@cs διατριβή@nafsc ὁ@dnmp ὁ@dgms διογένης@ngmsp καί@cs γέλως@namsc πολύς@anams- παρέχω@vpaanmp ἀπαλλάσσω@viaa3p αὐτός@annms- δέ@cs ὁ@dnms βασιλεύς@nnmsc ἐκ@p μακεδονία@ngfsp ναῦς@nafsc πέμπω@viaa3s ἐπί@p ὅς@rpgfs κομίζω@vifp3s πρός@p αὐτός@rpams ὁ@dnms ἄρατος@nnmsp δέω1@vprenms"
"Arat._34.3","πᾶς@anafs- δέ@b ἀθηναῖος@nnmpp κουφότης@nafsc κολακεία@ngfsc ὁ@dgfs πρός@p μακεδών@nampp ὑπερβάλλω@vppanmp στεφανηφορέω@viaa3p ὅτε@cs πρῶτος@anans- ἀγγέλλω@viap3s θνήσκω@vpranms διό@b καί@b πρός@p ὀργή@nafsc εὐθύς2@b ἐκστρατεύω@vpaanms ἐπί@p αὐτός@rpamp ἄχρι@p ὁ@dgfs ἀκαδήμεια@ngfsp προέρχομαι@viaa3s εἶτα@cs πείθω@vpapnms οὐδείς@rpans ἀδικέω@viaa3s ὁ@dnmp δέ@b ἀθηναῖος@nnmpp συμφρονέω@vpaanmp αὐτός@rpgms ὁ@dafs ἀρετή@nafsc ἐπεί@cs δημήτριος@ngmsp τελευτάω@vpaagms ὁρμάω@viaa3p ἐπί@p ὁ@dafs ἐλευθερία@nafsc ἐκεῖνος@rpams καλέω@viia3p"
"Arat._34.4","ὁ@dnms δέ@b καίπερ@b ἕτερος@angms- μέν@b ἄρχω@vppagms τότε@b ὁ@dgmp ἀχαιός@ngmpp αὐτός@rpnms δέ@cs ἀρρωστία@ndfsc μακρός@andfs- κλινήρης@ngfsc ὑπάρχω@vppanms ὅμως@b ἐν@p φορεῖον@ndnsc κομίζω@vppenms ὑπαντάω@viaa3s ὁ@ddfs πόλις@ndfsc πρός@p ὁ@dafs χρεία@nafsc καί@cs ὁ@dams ἐπί@p ὁ@dgfs φρουρά@ngfsc διογένης@namsp συμπείθω@viaa3s ἀποδίδωμι@vnaa-- ὁ@dams τε@b πειραιεύς@namsp καί@b ὁ@dafs μουνυχία@nafsp καί@b ὁ@dafs σαλαμίς@nafsp καί@cs ὁ@dans σούνιον@nansp ὁ@ddmp ἀθήναιος@ndmpp ἐπί@p πεντήκοντα@an---- καί@cs ἑκατόν@an---- τάλαντον@ndnpc ὅς@rpgmp αὐτός@annms- ὁ@dnms ἄρατος@nnmsp εἴκοσι@an---- ὁ@ddfs πόλις@ndfsc συμβάλλω@viam3s"
"Arat._34.5","προσχωρέω@viaa3p δέ@b εὐθύς2@b αἰγινήτης@nnmpp καί@cs ἑρμιονεύς@nnmpp ὁ@ddmp ἀχαιός@ndmpp ὅς@dnfs τε@cs πλεῖστος@annfs- ὁ@dgfs ἀρκαδία@ngfsp αὐτός@rpdmp συντελέω@viia3s καί@b μακεδών@ngmpp μέν@b ἀσχόλως@angmp- εἰμί@vppagmp διά@p τις@anamp- πρόσοικος@anamp- καί@cs ὅμορος@anamp- πόλεμος@nampc αἰτωλοί@ngmpp δέ@cs συμμαχέω@vppagmp ἐπίδοσις@nafsc μέγας@anafs- ὁ@dnfs ὁ@dgmp ἀχαιός@ngmpp λαμβάνω@viia3s δύναμις@nnfsc"
"Arat._35.1","ὁ@dnms δέ@b ἄρατος@nnmsp ἐξεργάζομαι@vppenms ὁ@dafs παλαιός@anafs- ὑπόθεσις@nafsc καί@cs δυσανασχετέω@vppanms ὁ@dafs ἐν@p ἄργος@ndnsp τυραννίς@nafsc γειτνιάω@vppaafs αὐτός@rpdmp πείθω@viia3s πέμπω@vppanms ὁ@dams ἀριστόμαχος@namsp εἰς@p μέσος@anans- τίθημι@vnaa-- καί@cs προσάγω@vnaa-- ὁ@ddmp ἀχαιός@ndmpp ὁ@dafs πόλις@nafsc καί@cs ζηλόω@vpaaams λυδιάδης@namsp ἔθνος@ngnsc τηλικοῦτος@angns- μετά@p εὐφημία@ngfsc καί@cs τιμή@ngfsc στρατηγός@namsc εἰμί@vnpa-- μᾶλλον@b ἤ1@cs εἷς@angfs- πόλις@ngfsc κινδυνεύω@vppaams καί@cs μισέω@vppeams τύραννος@namsc"
"Arat._35.2","ὑπακούω@vpaagms δέ@b ὁ@dgms ἀριστόβουλος@ngmsp καί@cs κελεύω@vpaagms αὐτός@rpdms πεντήκοντα@an---- τάλαντον@nanpc πέμπω@vnaa-- ὁ@dams ἄρατος@namsp ὅπως@cs ἀπαλλάσσω@vsaa3s καί@cs διαλύω@vsam3s ὁ@damp παρά@p αὐτός@rpdms στρατεύω@vppeamp καί@cs ὁ@dgnp χρῆμα@ngnpc πορίζω@vppegnp ὁ@dnms λυδιάδης@nnmsp ἔτι@b στρατηγός@vppanms καί@cs φιλοτιμέομαι@vppenms ἴδιος@anans- αὐτός@rpgms πολίτευμα@nansc οὗτος@anans- πρός@p ὁ@damp ἀχαιός@nampp γίγνομαι@vnam-- ὁ@dgms μέν@b ἄρατος@ngmsp κατηγορέω@viia3s πρός@p ἀριστόμαχος@namsp ὡς@b δυσμενής@b καί@cs ἀδιάλλακτος@b ἀεί@b πρός@p ὁ@damp τύραννος@nampc ἔχω@vppagms αὐτός@rpdms δέ@cs πείθω@vpaanms ὁ@dafs πρᾶξις@nafsc ἐπιτρέπω@vnaa-- προσάγω@viaa3s ὁ@ddmp ἀχαιός@ndmpp ὁ@dams ἄνθρωπος@namsc"
"Arat._35.3","ἔνθα@b δή@b μάλιστα@b φανερός@anafs- ποιέω@viaa3p ὁ@dnmp σύνεδρος@nnmpc ὁ@dgmp ἀχαιός@ngmpp ὁ@dafs πρός@p ὁ@dams ἄρατος@namsp εὔνοια@nafsc καί@cs πίστις@nafsc ἀντεῖπον@vpaagms μέν@b γάρ@b αὐτός@rpgms διά@p ὀργή@nafsc ἀπελαύνω@viaa3p ὁ@damp περί@p ὁ@dams ἀριστόμαχος@namsp ἐπεί@cs δέ@cs συμπείθω@vpapnms πάλιν@b αὐτός@rpnms ἄρχω@viam3s περί@p αὐτός@rpgmp διαλέγω@vnpe-- πάρειμι@vppanms πᾶς@ananp- ταχύς@b καί@cs πρόθυμος@b ψηφίζω@viam3p καί@cs προσδέχομαι@viam3p μέν@b ὁ@damp ἀργεῖος@nampp καί@cs φλιάσιος@nampp εἰς@p ὁ@dafs πολιτεία@nafsc ἐνιαυτός@ndmsc δέ@cs ὕστερος@anans- καί@b ὁ@dams ἀριστόμαχος@namsp αἱρέω@viam3p στρατηγός@namsc"
"Arat._35.4","ὁ@dnms δέ@b εὐημερέω@vppanms παρά@p ὁ@ddmp ἀχαιός@ndmpp καί@cs βούλομαι@vppenms εἰς@p ὁ@dafs λακωνικός@nafsp ἐμβάλλω@vnaa-- καλέω@viia3s ὁ@dams ἄρατος@namsp ἐκ@p ἀθῆναι@ngfpp ὁ@dnms δέ@cs γράφω@viia3s μέν@b αὐτός@rpdms ὁ@dafs στρατεία@nafsc ἀπαγορεύω@vppanms καί@cs ὁ@ddms κλεομένης@ndmsp θράσος@nansc ἔχω@vppadms καί@cs παράβολος@b αὐξάνω@vppedms συμπλέκω@vnpe-- ὁ@damp ἀχαιός@nampp μή@b βούλομαι@vppenms ὁρμάω@vpregms δέ@cs πάντως@b ὑπακούω@viaa3s καί@cs πάρειμι@vppanms συστρατεύω@viia3s"
"Arat._35.5","ὅτε@cs δή@b καί@b κωλύω@vpaanms περί@p ὁ@dans παλλάντιος@nansp ὁ@dgms κλεομένης@ngmsp ἐπιφαίνω@vpapgms αὐτός@rpdmp μάχη@nafsc συνάπτω@vnaa-- ὁ@dams ἀριστόμαχος@namsp ὑπό@p λυδιάδης@ngmsp κατηγορέω@viap3s καί@b περί@p ὁ@dgfs στρατηγία@ngfsc εἰς@p ἀγών@namsc καί@cs ἀντιπαραγγελία@nafsc αὐτός@rpdms καθίστημι@vpaanms κρατέω@viaa3s ὁ@ddfs χειροτονία@ndfsc καί@cs ὁ@dans δωδέκατος@anans- αἱρέω@viap3s στρατηγός@nnmsc"
"Arat._36.1","ἐν@p οὗτος@andfs- ὁ@ddfs στρατηγία@ndfsc περί@p ὁ@dans λύκαιον@nansp ἡσσάομαι@vpaenms ὑπό@p ὁ@dgms κλεομένης@ngmsp φεύγω@viaa3s καί@b πλανάω@vpapnms νύξ@ngfsc δοκέω@viaa3s μέν@b θνήσκω@vnra-- καί@cs πάλιν@b οὗτος@annms- ὁ@dnms λόγος@nnmsc κατά@p αὐτός@rpgms πολύς@annms- ἐξαγγέλλω@viaa3s εἰς@p ὁ@damp ἕλλην@nampp ἀνασῴζω@vpapnms δέ@b καί@cs ὁ@damp στρατιώτης@nampc συνάγω@vpaanms οὐ@b ἀγαπάω@viaa3s ἀσφαλής@b ἀπέρχομαι@vnaa--"
"Arat._36.2","ἀλλά@cs ἄριστος@ananp- ὁ@ddms καιρός@ndmsc χράω2@vpamnms οὐδείς@rpgms προσδοκάω@vppagms οὐ@b δέ@cs συλλογίζομαι@vppegms ὁ@dans μέλλω@vppaans ἐξαίφνης@b ἐπιπίπτω@viaa3s μαντινεύς@ndmpp σύμμαχος@ndmpc εἰμί@vppadmp ὁ@dgms κλεομένης@ngmsp καί@b ὁ@dafs πόλις@nafsc αἱρέω@vpaanms φρουρά@nafsc ἐμβάλλω@viaa3s καί@b ὁ@damp μέτοικος@anamp- πολίτης@nampc ποιέω@viaa3s αὐτός@rpgmp καί@cs μόνος@annms- ὅς@rpanp νικάω@vppanmp οὐ@b ἄν@b ῥᾴδιος@b ἔχω@viaa3p κτάομαι@viam3s νικάω@vppedmp ὁ@ddmp ἀχαιός@ndmpp"
"Arat._36.3","αὖθις@b δέ@b ὁ@dgmp λακεδαιμόνιος@ngmpp ἐπί@p μέγας@nafsp πόλις@nafsc στρατεύω@vpaagmp βοηθέω@vpaanms ὀκνέω@viia3s μέν@b ἁψιμαχέω@vppadms ὁ@ddms κλεομένης@ndmsp λαβή@nafsc παρέχω@vnaa-- καί@cs ὁ@ddmp μεγαλοπολίτης@ndmpp βιάζω@vppedmp ἀντέχω@viia3s οὐ@b τε@b ἄλλως@b πρός@p ὁ@dafp κατά@p στόμα@nnnsc μάχη@nafpc εὖ@b φύω@vpranms καί@b τότε@b λείπω@vppenms τε@b πλῆθος@ndnsc καί@cs πρός@p ἀνήρ@namsc τολμητής@namsc καί@cs νέος@anams- ἤδη@b παρακάμπτω@vppadms ὁ@ddms θυμός@ndmsc καί@cs κολάζω@vpredfs ὁ@ddfs φιλοτιμία@ndfsc συνίστημι@vpranms καί@cs νομίζω@vppanms ὅς@rpgnp διά@p ὁ@dgns τολμάω@vnpa-- ἐκεῖνος@rpnms ἐκ@p οὐ@b ὑπάρχω@vppagnp κτάομαι@viie3s δόξα@nafsc ἑαυτοῦ@rpdms κτάομαι@vpredms φυλακτέος@anans- εἰμί@vnpa-- διά@p ὁ@dgfs εὐλάβεια@ngfsc"
"Arat._37.1","οὐ@b μήν@b ἀλλά@b ὁ@dgmp ψιλός@angmp- ἐκτρέχω@vpaagmp καί@cs ὠθέω@vpamgmp ὁ@damp σπαρτιάτης@nampp ἄχρι@p ὁ@dams στρατόπεδον@ngnsc καί@cs περί@p ὁ@dafp σκηνή@nafpc διασπείρω@vpapgmp ὁ@dnms μέν@b ἄρατος@nnmsp οὐ@b δέ@b ὡς@b ἐπάγω@viaa3s ἀλλά@cs ἐν@p μέσος@andns- λαμβάνω@vpaanms χαράδρα@nafsc ἐφίστημι@viaa3s καί@cs κατακωλύω@viaa3s διαβαίνω@vnaa-- ὁ@damp ὁπλίτης@nampc ὁ@dnms δέ@b λυδιάδης@nnmsp περιπαθής@vppanms πρός@p ὁ@danp γίγνομαι@vppeanp καί@cs ὁ@dams ἄρατος@namsp κακίζω@vppanms ἀνακαλέω@viie3s ὁ@damp ἱππεύς@nampc ὡς@p ἑαυτοῦ@rpams ἀξιόω@vppanms ἐπιφαίνω@vnap-- ὁ@ddmp διώκω@vppadmp καί@b μή@b προΐημι@vnam-- ὁ@dans νίκημα@nansc μη@b δέ@cs ἐγκαταλιπάω@vnaa-- ἑαυτοῦ@rpams ὑπέρ@p ὁ@dgfs πατρίς@ngfsc ἀγωνίζομαι@vppeams"
"Arat._37.2","πολύς@angnp- δέ@b συστρέφω@vpapgmp καί@cs ἀγαθός@angnp- ἐπιρρώννυμι@vpapnms ἐμβάλλω@viaa3s ὁ@ddns δεξιός@andns- ὁ@dgmp πολέμιος@ngmpc καί@cs τρέπω@vpamnms διώκω@viia3s ὑπό@p θυμός@ngmsc καί@cs φιλοτιμία@ngfsc ἀταμίευτος@b ἐπισπάω@vpapnms εἰς@p χωρίον@nanpc σκολιός@ananp- καί@cs μεστός@ananp- δένδρον@ngnpc φυτεύω@vpregnp καί@cs τάφρος@ngfpc πλατύς@angfp- ἐν@p ὅς@rpdnp ἐπιτίθημι@vpamgms ὁ@dgms κλεομένης@ngmsp πίπτω@viaa3s λαμπρός@b ἀγωνίζομαι@vpaenms ὁ@dams καλός@anamss ὁ@dgmp ἀγών@ngmpc ἐπί@p θύρα@ndfpc ὁ@dgfs πατρίς@ngfsc"
"Arat._37.3","ὁ@dnmp δέ@b ἄλλος@rpnmp φεύγω@vppanmp εἰς@p ὁ@dafs φάλαγξ@nafsc καί@cs συνταράσσω@vpaanmp ὁ@damp ὁπλίτης@nampc ὅλος@anans- ὁ@dans στράτευμα@nansc ὁ@dgfs ἧσσα@ngfsc ἐμπίπλημι@viaa3p αἰτία@nafsc δέ@b μέγας@anafs- ὁ@dnms ἄρατος@nnmsp λαμβάνω@viaa3s δοκέω@vpaanms προΐημι@vnam-- ὁ@dams λυδιάδης@namsp καί@b βιάζω@vpapnms ὑπό@p ὁ@dgmp ἀχαιός@ngmpp ἀπέρχομαι@vppegmp πρός@p ὀργή@nafsc ἀκολουθέω@viaa3s αὐτός@rpdmp εἰς@p αἴγιον@nansp ἐκεῖ@b δέ@b συνέρχομαι@vpaanmp ψηφίζω@viam3p μή@b δίδωμι@vnpa-- χρῆμα@nanpc αὐτός@rpdms μη@b δέ@cs μισθοφόρος@anamp- τρέφω@vnpa-- ἀλλά@cs ἑαυτοῦ@rpdms πορίζω@vnpa-- εἰ@cs δέω2@vope3s πολεμέω@vnpa--"
"Arat._38.1","οὕτως@b δέ@b προπηλακίζω@vpapnms βουλεύω@viam3s μέν@b εὐθύς2@b ἀποτίθημι@vnae-- ὁ@dafs σφραγίς@nafsc καί@cs ὁ@dafs στρατηγία@nafsc ἀφίημι@vnaa-- λογισμός@ndmsc δέ@cs χράω2@vpamnms τότε@b μέν@b ὑπομένω@viaa3s καί@cs πρός@p ὀρχομενός@namsp ἐξάγω@vpaanms ὁ@damp ἀχαιός@nampp μάχη@nafsc τίθημι@viam3s πρός@p μεγιστοέω@namsp ὁ@dams κλεομένης@ngmsp πατρῳός@namsc ἐν@p ὅς@rpdms κρατέω@vpaanms τριακόσιοι@anamp- μέν@b ἀποκτείνω@viaa3s ζάω@vppaams δέ@cs ὁ@dams μεγιστοέω@namsp συλλαμβάνω@viaa3s"
"Arat._38.2","ἔθω@vpranms δέ@b στρατηγέω@vnpa-- παρά@p ἐνιαυτός@namsc ὡς@cs ὁ@dnfs τάξις@nnfsc αὐτός@rpdms περιέρχομαι@viaa3s καλέω@vpfmnms ἐξόμνυμι@viam3s καί@cs τιμόξενος@nnmsp αἱρέω@viap3s στρατηγός@nnmsc δοκέω@viia3s δέ@cs ὁ@dnfs μέν@b πρός@p ὁ@damp ὄχλος@nampc ὀργή@nnfsc πρόφασις@nnfsc εἰμί@vnpa-- λέγω3@vppenfs ὁ@dgfs ἐξωμοσία@ngfsc ἀπίθανος@annfs- αἰτία@nnfsc δέ@cs ἀληθής@annfs- ὁ@danp περιίστημι@vprannp ὁ@damp ἀχαιός@nampp οὐκέτι@b ὡς@b πρότερος@anans- ἀτρέμας@b καί@cs σχεδέως@b ὁ@dgms κλεομένης@ngmsp ἐπιβαίνω@vppagms οὐ@b δέ@cs ἐμπλέκω@vppegms ὁ@ddfp πολιτικός@andfp- ἀρχή@ndfpc"
"Arat._38.3","ἀλλά@cs ἐπεί@cs ὁ@damp ἔφορος@nampc ἀποκτείνω@vpaanms καί@b ὁ@dafs χώρα@nafsc ἀναδέω@vpamnms καί@cs πολύς@anamp- ὁ@dgmp μέτοικος@angmp- ἐμβάλλω@vpaanms εἰς@p ὁ@dafs πολιτεία@nafsc ἔχω@viaa3s ἰσχύς@nafsc ἀνυπεύθυνος@anafs- εὐθύς2@b ἐπίκειμαι@vpregms ὁ@ddmp ἀχαιός@ndmpp καί@cs ὁ@dgfs ἡγεμονία@ngfsc ἑαυτοῦ@rpams ἀξιόω@vppagms διό@b καί@b μέμφομαι@vipe3p ὁ@dams ἄρατος@namsp ἐν@p σάλος@ndmsc μέγας@andms- καί@cs χειμών@ndmsc ὁ@dgnp πρᾶγμα@ngnpc φέρω@vppegnp ὥσπερ@b κυβερνήτης@namsc ἀφίημι@vpaaams καί@cs προίημι@vpamams ἕτερος@andms- ὁ@damp οἴαξ@nampc ὅτε@cs καλός@b ἔχω@viia3s καί@cs ἀέκων@angmp- ἐφίστημι@vppaams σώζω@vnpa-- ὁ@dans κοινός@anans-"
"Arat._38.4","εἰ@cs δέ@b ἀπογιγνώσκω@vila3s ὁ@danp πρᾶγμα@nanpc καί@cs ὁ@dafs δύναμις@nafsc ὁ@dgmp ἀχαιός@ngmpp εἴκω@vnaa-- ὁ@ddms κλεομένης@ndmsp καί@b μή@b πάλιν@b ὁ@dafs πελοπόννησος@nafsp ἐκβαρβαρόω@vnaa-- φρουρά@ndfpc μακεδών@ngmpp μη@b δέ@b πληρόω@vnaa-- ὁ@dams ἀκροκόρινθος@namsp ἰλλυρικός@angnp- ὅπλον@ngnpc καί@cs γαλατικός@angnp- μη@b δέ@cs ὅς@rpamp αὐτός@rpnms ἐν@p ὁ@ddfp πρᾶξις@ndfpc καταστρατηγέω@vppanms καί@cs καταπολιτεύομαι@vppenms ἐν@p δέ@cs ὁ@ddnp ὑπόμνημα@ndnpc λοιδορέω@vppanms διατελέω@viia3s οὗτος@rpamp ἐπάγω@vnpe-- δεσπότης@nampc ὁ@ddfp πόλις@ndfpc σύμμαχος@anamp- ὑποκορίζομαι@vppeams"
"Arat._38.5","εἰ@cs δέ@b κλεομένης@nnmsp εἰμί@viia3s λέγω@vmpe3s γάρ@b οὕτως@b παράνομος@annms- καί@cs τυραννικός@annms- ἀλλά@cs ἡρακλείδης@nnmpp πατήρ@nnmpc αὐτός@rpdms καί@cs σπάρτη@nnfsp πατρίς@nnfsc ὅς@rpgfs ὁ@dams ἀφανής@anamss ἄξιος@anams- ἀντί@p ὁ@dgms πρῶτος@angms- μακεδών@ngmpp ἡγεμών@namsc ποιέω@vnpe-- ὁ@damp ἐν@p τις@andms- λόγος@ndmsc ὁ@dafs ἑλληνικός@anafs- τίθημι@vppeamp εὐγένεια@nafsc καίτοι@b κλεομένης@nnmsp αἰτέω@viia3s ὁ@dafs ἀρχή@nafsc παρά@p ὁ@dgmp ἀχαιός@ngmpp ὡς@cs πολύς@ananp- ποιέω@vpfanms ἀγαθός@ananp- ὁ@dafp πόλις@nafpc ἀντί@p ὁ@dgfs τιμή@ngfsc καί@cs ὁ@dgfs προσηγορία@ngfsc ἐκεῖνος@angfs-"
"Arat._38.6","ἀντίγονος@nnmsp δέ@cs καί@b κατά@p γῆ@nafsc καί@cs κατά@p θάλασσα@nafsc αὐτοκράτωρ@nnmsc ἡγεμών@nnmsc ἀναγορεύω@vpapnms οὐ@b ὑπακούω@viaa3s πρίν@cs ὁ@dams μισθός@namsc αὐτός@rpdms ὁ@dgfs ἡγεμονία@ngfsc ὁμολογέω@vnap-- ὁ@dams ἀκροκόρινθος@namsp ἄτεχνος@b ὁ@dams αἴσωπος@ngmsp μιμέομαι@vpamnms κυνηγός@namsc οὐ@b γάρ@b πρότερος@anans- ἐπιβαίνω@viaa3s ὁ@ddmp ἀχαιός@ndmpp δέω2@vppedmp καί@cs ὑποβάλλω@vppadmp ἑαυτοῦ@rpamp διά@p ὁ@dgfp πρεσβεία@ngfpc καί@cs ὁ@dgnp ψήφισμα@ngnpc ἤ1@cs ὁ@ddfs φρουρά@ndfsc καί@cs ὁ@ddmp ὅμηρος@ndmpc ὥσπερ@cs χαλινόω@vppeamp ἀνέχω@vnam--"
"Arat._38.7","καίτοι@b πᾶς@anafs- ὁ@dnms ἄρατος@nnmsp ἀφίημι@vipa3s φωνή@nafsc ἀπολογίζομαι@vppenms ὁ@dafs ἀνάγκη@nafsc ὁ@dnms πολύβιος@nnmsp δέ@cs αὐτός@rpams ἐκ@p πολύς@angns- φημί@vipa3s καί@b πρό@p ὁ@dgfs ἀνάγκη@ngfsc ὑφοράω@vppeams ὁ@dans θράσος@nansc ὁ@dans ὁ@dgms κλεομένης@ngmsp κρύφα@b ὁ@ddms ἀντίγονος@ndmsp διαλέγω@vnpe-- καί@cs ὁ@damp μεγαλοπολίτης@nampp προκαθίζω@vnpa-- δέω2@vppeamp ἀχαιός@ngmpp ἐπικαλέω@vnpe-- ὁ@dams ἀντίγονος@namsp οὗτος@rpnmp γάρ@b πιέζω@viie3p ὁ@ddms πόλεμος@ndmsc μάλιστα@b συνεχής@b ἄγω@vppagms ἑαυτοῦ@rpamp καί@cs φέρω@vppagms ὁ@dgms κλεομένης@ngmsp"
"Arat._38.8","ὅμοιος@b δέ@b καί@b φύλαρχος@nnmsp ἱστορέω@vira3s περί@p οὗτος@rpgnp ὅς@rpanp μή@b ὁ@dgms πολύβιος@ngmsp μαρτυρέω@vppagms οὐ@b πάνυ@b τις@anans- πιστεύω@vnpa-- ἄξιος@annns- εἰμί@viia3s ἐνθουσιάω@vipa3p γάρ@b ὅταν@cs ἅπτω@vsam3s ὁ@dgms κλεομένης@ngmsp ὑπό@p εὔνοια@ngfsc καί@cs καθά@cs ἐν@p δίκη@ndfsc ὁ@ddfs ἱστορία@ndfsc ὁ@ddms μέν@b ἀντιδικέω@vppanms διατελέω@vipa3s ὁ@ddms δέ@b συναγορεύω@vppanms"
"Arat._39.1","ἀποβάλλω@viaa3p δέ@b οὖν@b ὁ@dnmp ἀχαιός@nnmpp ὁ@dafs μαντίνεια@nafsp πάλιν@b αἱρέω@vpaagms αὐτός@rpafs ὁ@dgms κλεομένης@ngmsp καί@cs μάχη@ndfsc μέγας@andfs- περί@p ὁ@dans ἑκατόμβαιον@nansp ἡσσάομαι@vpapnmp οὕτως@b καταπλάσσω@viap3p ὥστε@cs πέμπω@vnpa-- εὐθύς2@b ἐπί@p ἡγεμονία@ndfsc ὁ@dams κλεομένης@namsp καλέω@vppanmp εἰς@p ἄργος@nansp"
"Arat._39.2","ὁ@dnms δέ@b ἄρατος@nnmsp ὡς@cs αἰσθάνομαι@viam3s βαδίζω@vppaams καί@cs περί@p λέρνα@nafsp εἰμί@vppaams μετά@p ὁ@dgfs δύναμις@ngfsc φοβέω@vpapnms ἀποστέλλω@viia3s πρέσβυς@nampc ὁ@damp ἀξιόω@vppaamp ὡς@b παρά@p φίλος@nampc καί@cs σύμμαχος@nampc αὐτός@rpams ἥκω@vnpa-- μετά@p τριακόσιοι@angmp- εἰ@cs δέ@cs ἀπιστέω@vipa3s λαμβάνω@vnaa-- ὅμηρος@nampc οὗτος@rpanp ὕβρις@nafsc εἰμί@vnpa-- καί@cs χλευασμός@namsc ἑαυτοῦ@rpgms φημί@vpaanms ὁ@dnms κλεομένης@nnmsp ἀναζεύγνυμι@viaa3s ἐπιστολή@nafsc γράφω@vpaanms ὁ@ddmp ἀχαιός@ndmpp ἔγκλημα@nanpc πολύς@ananp- κατά@p ὁ@dgms ἄρατος@ngmsp καί@cs διαβολή@nafpc ἔχω@vppaafs"
"Arat._39.3","γράφω@viia3s δέ@b καί@b ἐκεῖνος@rpnms ἐπιστολή@nafpc κατά@p ὁ@dgms κλεομένης@ngmsp καί@b φέρω@viie3p λοιδορία@nnfpc καί@cs βλασφημία@nnfpc μέχρι@p γάμος@ngmpc καί@cs γυνή@ngfpc ἀλλήλων@rpamp κακός@b λέγω3@vppagmp ἐκ@p οὗτος@rpgns κῆρυξ@namsc πέμπω@vpaanms ὁ@dnms κλεομένης@nnmsp πόλεμος@namsc προερέω@vppaams ὁ@ddmp ἀχαιός@ndmpp μικρός@angns- μέν@b λανθάνω@viaa3s ὁ@dafs σικυώνιος@ngmpp πόλις@nafsc ἁρπάζω@vpaanms διά@p προδοσία@ngfsc ἐγγύθεν@b δέ@cs ἀποτρέπω@vpapnms πελλήνη@ndfsp προσβάλλω@viaa3s καί@cs ὁ@dgms στρατηγός@ngmsc ὁ@dgmp ἀχαιός@ngmpp ἐκπίτνω@vpaagms ἔχω@viaa3s ὁ@dafs πόλις@nafsc ὀλίγος@andns- δέ@b ὕστερος@anans- καί@b φενεός@namsp λαμβάνω@viaa3s καί@cs τέλεος@nansp"
"Arat._39.4","εἶτα@b εὐθύς2@b ἀργεῖος@nnmpp προσχωρέω@viaa3p αὐτός@rpdms καί@cs φλιάσιος@nnmpp φρουρά@nafsc δέχομαι@viam3p καί@b ὅλος@b οὐδείς@rpnns ἔτι@b ὁ@dgnp ἐπίκτητος@angnp- βέβαιος@annns- εἰμί@viia3s ὁ@ddmp ἀχαιός@ndmpp ἀλλά@cs θόρυβος@nnmsc πολύς@annms- ἄφνω@b περιίστημι@vila3s ὁ@dams ἄρατος@namsp ὁράω@vppaams ὁ@dafs πελοπόννησος@nafsp κραδαίνω@vppeafs καί@cs ὁ@dafp πόλις@nafpc ἐξανίστημι@vppeafp ὑπό@p ὁ@dgmp νεωτερίζω@vppagmp πανταχόθεν@b"
"Arat._40.1","ἀγρέω@viia3s γάρ@b οὐδείς@rpans οὐ@b δέ@cs στέργω@viap3p ἐπί@p ὁ@ddnp πάρειμι1@vppadnp ἀλλά@cs καί@b σικυώνιος@ngmpp αὐτός@angmp- καί@cs κορίνθιος@ngmpp γίγνομαι@viam3p πολύς@annmp- καταφανής@annmp- διαλέγω@vprenmp ὁ@ddms κλεομένης@ndmsp καί@cs πάλαι@b πρός@p ὁ@dans κοινός@anans- ἴδιος@angmp- ἐπιθυμία@ndfsc δυναστεία@ngfpc ὑπόυλος@b ἔχω@vppanmp"
"Arat._40.2","ἐπί@p οὗτος@rpamp ἐξουσία@nafsc ἀνυπεύθυνος@anafs- ὁ@dnms ἄρατος@nnmsp λαμβάνω@vpaanms ὁ@damp μέν@b ἐν@p σικυών@ndfsp διαφθείρω@vpreamp ἀποκτείνω@viaa3s ὁ@damp δέ@cs ἐν@p κόρινθος@ndfsp πειράω@vppenms ἀναζητέω@vnpa-- καί@cs κολάζω@vnpa-- ἐξαγριαίνω@viia3s ὁ@dans πλῆθος@nansc ἤδη@b νοσέω@vppeans καί@cs βαρύνω@vppeans ὁ@dafs ὑπό@p ὁ@ddmp ἀχαιός@ndmpp πολιτεία@nafsc συντρέχω@vpaanmp οὖν@b εἰς@p ὁ@dans ὁ@dgms ἀπόλλων@ngmsp ἱερόν@nansc μεταπέμπω@viie3p ὁ@dams ἄρατος@namsp ἀναιρέω@vnaa-- ἤ1@cs συλλαμβάνω@vnaa-- πρό@p ὁ@dgfs ἀπόστασις@ngfsc γιγνώσκω@vpranmp"
"Arat._40.3","ὁ@dnms δέ@b ἵημι@viia3s μέν@b αὐτός@rpnms ἐφέλκω@vppenms ὁ@dams ἵππος@namsc ὡς@b οὐ@b ἀπιστέω@vppanms οὐ@b δέ@cs ὑποπτεύω@vppanms ἀναπηδάω@vpaagmp δέ@cs πολύς@angmp- καί@b λοιδορέω@vppegmp αὐτός@rpdms καί@cs κατηγορέω@vppagmp εὖ@b πως@b καθίστημι@vpradms ὁ@ddns πρόσωπον@ndnsc καί@cs ὁ@ddms λόγος@ndmsc πρᾶος@b κελεύω@viia3s καθίζω@vnaa-- καί@cs μή@b βόα@vnpa-- ἄτακτος@b ἵστημι@vpraamp ἀλλά@cs καί@b ὁ@damp περί@p θύρα@nafpc εἰμί@vppaamp εἴσω@b παρίημι@vnpa-- καί@b οὗτος@rpanp ἅμα@b λέγω3@vppanms ἔξειμι2@viia3s βάδην@b ὡς@b παραδίδωμι@vpfanms τις@rpdms ὁ@dams ἵππος@namsc"
"Arat._40.4","οὕτως@b δέ@b ὑπεκδύομαι@vpaanms καί@b ὁ@ddmp ὑπαντάω@vppadmp ὁ@dgmp κορίνθιος@ngmpp ἀθόρυβος@b διαλέγω@vppenms καί@cs κελεύω@vppanms πρός@p ὁ@dans ἀπολλώνιος@nansp βαδίζω@vnpa-- ὡς@cs λανθάνω@viaa3s πλησίος@p ὁ@dgfs ἄκρα@ngfsc γίγνομαι@vpamnms ἀναπηδάω@vpaanms ἐπί@p ὁ@dams ἵππος@namsc καί@cs κλεοπάτρη@ndmsp ὁ@ddms ἄρχων@ndmsc ὁ@dgfs φρουρά@ngfsc διακελεύομαι@vpaenms ἐγκρατής@b φυλάσσω@vnpa-- ἀφίππεύω@viaa3s εἰς@p σικυών@nafsp τριάκοντα@an---- μέν@b αὐτός@rpdms στρατιώτης@ngmpc ἕπομαι@vppegmp ὁ@dgmp δέ@cs ἄλλος@rpgmp ἐγκαταλείπω@vpaagmp καί@cs διαρρέω@vpapgnp"
"Arat._40.5","αἰσθάνομαι@vpamnmp δέ@b ὁ@dnmp κορίνθιος@nnmpp μετά@p ὀλίγος@anans- ὁ@dafs ἀπόδρασις@nafsc αὐτός@rpgms καί@cs διώκω@vpaanmp ὡς@cs οὐ@b καταλαμβάνω@viaa3p μεταπέμπω@viam3p ὁ@dams κλεομένης@namsp καί@cs παραδίδωμι@viaa3p ὁ@dafs πόλις@nafsc οὐδείς@rpans οἴομαι@vppedms λαμβάνω@vnpa-- παρά@p αὐτός@rpgmp τοσοῦτος@rpams ὅσος@rpgns διαμαρτάνω@viaa3s ἀφίημι@vpfanms ἄρατος@namsp οὗτος@rpnms μέν@b οὖν@b προσγίγνομαι@vpamgmp αὐτός@rpdms ὁ@dgmp ὁ@dafs λέγω3@vppeafs ἀκτή@nafsp κατοικέω@vppagmp καί@cs ὁ@dafp πόλις@nafpc ἐγχειρίζω@vpaagmp ἀποσείω@viia3s καί@cs περιτειχίζω@viia3s ὁ@dams ἀκροκόρινθος@namsp"
"Arat._41.1","ὁ@ddms δέ@b ἄρατος@ndmsp συνέρχομαι@viaa3p εἰς@p σικυών@nafsp ὁ@dgmp ἀχαιός@ngmpp οὐ@b πολύς@annmp- καί@b γίγνομαι@vpamgfs ἐκκλησία@ngfsc αἱρέω@viap3s στρατηγός@nnmsc αὐτοκράτωρ@nnmsc καί@cs περιβάλλω@viae3s φρουρά@nafsc ἐκ@p ὁ@dgmp ἑαυτοῦ@rpgms πολίτης@ngmpc τριάκοντα@an---- μέν@b ἔτος@nanpc καί@cs τρεῖς@ananp- πολιτεύω@vprenms ἐν@p ὁ@ddmp ἀχαιός@ndmpp πρωτεύω@vpranms δέ@b καί@b δύναμις@ndfsc καί@cs δόξα@ndfsc ὁ@dgmp ἕλλην@ngmpp τότε@b δέ@cs ἐρῆμος@annms- καί@cs ἄπορος@annms- συντρίβω@vprenms ὥσπερ@b ἐπί@p ναυάγιον@ngnsc ὁ@dgfs πατρίς@ngfsc ἐν@p τοσοῦτος@andms- σάλος@ndmsc καί@cs κίνδυνος@ndmsc διαφέρω@vppenms"
"Arat._41.2","καί@b γάρ@b αἰτωλοί@nnmpp δέω@vppegms βοηθέω@vnpa-- ἀπολέγω@viam3p καί@cs ὁ@dafs ἀθήναιος@ngmpp πόλις@nafsc χάρις@ndfsc ὁ@dgms ἄρατος@ngmsp πρόθυμος@anafs- εἰμί@vppaafs ὁ@dnmp περί@p εὐρυκλείδης@namsp καί@cs μικίων@namsp διακωλύω@viaa3p εἰμί@vmpa-p δέ@b ὁ@ddms ἄρατος@ndmsp καί@b χρῆμα@ngnpc ἐν@p κόρινθος@ndfsp καί@cs οἰκία@ngfsc ὁ@dnms κλεομένης@nnmsp ἅπτω@viam3s μέν@b οὐδείς@rpgns οὐ@b δέ@cs ἄλλος@rpams ἐάω@viaa3s μεταπέμπω@vpamnms δέ@cs ὁ@damp φίλος@nampc αὐτός@rpgms καί@cs ὁ@damp διοικητής@nampc κελεύω@viia3s πᾶς@ananp- διοικέω@vnpa-- καί@cs φυλάσσω@vnpa-- ὡς@b ἄρατος@ndmsp λόγος@namsc ὑπέχω@vpfaamp"
"Arat._41.3","ἴδιος@andfs- δέ@b πρός@p αὐτός@rpams πέμπω@viaa3s τρίπυλος@namsp καί@cs πάλιν@b μεγιστοέω@namsp ὁ@dams πατρῳός@anams- ὑπισχνέομαι@vppenms ἄλλος@rpanp τε@b πολύς@ananp- καί@cs δώδεκα@an---- τάλαντον@nanpc σύνταξις@nafsc ἐνιαύσιος@anafs- ὑπερβάλλω@vppenms ὁ@ddns ἥμισυς@ndmsc πτολεμαῖος@namsp ἐκεῖνος@rpnms γάρ@b ἕξ@an---- τάλαντον@nanpc ὁ@ddms ἄρατος@ndmsp κατά@p ἐνιαυτός@namsc ἀποστέλλω@viaa3s ἀξιόω@viia3s δέ@b ὁ@dgmp ἀχαιός@ngmpp ἡγεμών@nnmsc ἀναγορεύω@vnap-- καί@cs κοινῇ@b μετά@p αὐτός@rpgmp φυλάσσω@vnpa-- ὁ@dams ἀκροκόρινθος@namsp"
"Arat._41.4","ὁ@dgms δέ@b ἄρατος@ngmsp φημί@vpaagms ὡς@cs οὐ@b ἔχω@vopa3s ὁ@danp πρᾶγμα@nanpc μᾶλλον@b δέ@cs ὑπό@p αὐτός@rpgmp ἔχω@vope3s καί@cs κατειρωνεύομαι@vnae-- δοκέω@vpaagms ἐμβάλλω@vpaanms εὐθύς2@b ὁ@dafs σικυώνιος@nafsp πορθέω@viia3s καί@b καταφθείρω@viia3s καί@cs προσίστημι@viim3s ὁ@ddfs πόλις@ndfsc τρεῖς@an---- μείς@nampc ἐγκαρτερέω@vppagms ὁ@dgms ἄρατος@ngmsp καί@cs διαπορέω@vppagms εἰ@cs δέχομαι@vifm3s ὁ@dams ἀντίγονος@namsp ἐπί@p ὁ@ddns παραδίδωμι@vnaa-- ὁ@dams ἀκροκόρινθος@namsp ἄλλως@b γάρ@b οὐ@b βούλομαι@viie3s βοηθέω@vnpa--"
"Arat._42.1","ὁ@dnmp μέν@b οὖν@b ἀχαιός@nnmpp συνέρχομαι@vpranmp εἰς@p αἴγιον@nansp ἐκεῖ@b ὁ@dams ἄρατος@namsp καλέω@viia3p εἰμί@viia3s δέ@b κίνδυνος@nnmsc ὁ@dgms κλεομένης@ngmsp πρός@p ὁ@ddfs πόλις@ndfsc στρατοπεδεύω@vppagms διέρχομαι@vnaa-- καί@b κατέχω@viia3p ὁ@dnmp πολίτης@nnmpc δέω2@vppenmp καί@b προίημι@vnfm-- ὁ@dans σῶμα@nansc ὁ@dgmp πολέμιος@ngmpc ἐγγύς@b εἰμί@vppagmp οὐ@b φάσκω@vppanmp ἐξαρτάω@vile3p δέ@b αὐτός@rpgms καί@b γυνή@nnfpc ἤδη@b καί@cs παῖς@nnmpc ὥσπερ@b πατήρ@ngmsc κοινός@angms- καί@cs σωτήρ@ngmsc περιέχω@vppenmp καί@cs δακρύω@nnmpc"
"Arat._42.2","οὐ@b μήν@b ἀλλά@b θαρσύνω@vpaanms καί@cs παραμυθέομαι@vpaenms αὐτός@rpamp ἐξίππεύω@viaa3s ἐπί@p ὁ@dafs θάλασσα@nafsc ἔχω@vppanms δέκα@an---- φίλος@ngnsc καί@cs ὁ@dams υἱός@namsc ἤδη@b νεανίης@namsc εἰμί@vppaams καί@b παρορμάω@vppagnp ἐκεῖ@b πλοῖον@ngnpc ἐπιβαίνω@vpaanmp εἰς@p αἴγιον@nansp παρακομίζω@viap3p ἐπί@p ὁ@dafs ἐκκλησία@nafsc ἐν@p ὅς@rpdfs καλέω@vnfa-- ὁ@dams ἀντίγονος@namsp ψηφίζω@viam3p καί@cs παραδίδωμι@vnpa-- ὁ@dams ἀκροκόρινθος@namsp"
"Arat._42.3","πέμπω@viaa3s δέ@b καί@b ὁ@dams υἱός@namsc ἄρατος@ngmsp πρός@p αὐτός@rpams μετά@p ὁ@dgmp ἄλλος@angmp- ὅμηρος@ngmpc ἐπί@p ὅς@rpdmp ὁ@dnmp κορίνθιος@nnmpp χαλεπός@b φέρω@vppanmp ὁ@danp τε@b χρῆμα@nanpc διαρπάζω@viaa3p αὐτός@rpgms καί@cs ὁ@dafs οἰκία@nafsc ὁ@ddms κλεομένης@ndmsp δωρεά@nafsc δίδωμι@viaa3p"
"Arat._43.1","ὁ@dgms δέ@b ἀντίγονος@ngmsp πρός@p πρόσειμι1@vppagms ἤδη@b μετά@p ὁ@dgfs δύναμις@ngfsc ἄγω@viia3s δέ@b πεζός@anamp- δισμύριοι@anamp- μακεδών@nampp ἱππεύς@nampc δέ@cs χίλιοι@anamp- καί@cs τριακόσιοι@anamp- ἀπαντάω@viia3s μετά@p ὁ@dgmp δημιουργός@ngmpc ὁ@dnms ἄρατος@nnmsp αὐτός@rpdms κατά@p θάλασσα@nafsc εἰς@p πηγαί@nafpp λανθάνω@vpaanms ὁ@damp πολέμιος@nampc οὐ@b πάνυ@b τις@anans- θαρσέω@vppanms ὁ@dams ἀντίγονος@namsp οὐ@b δέ@cs πιστεύω@vppanms ὁ@ddmp μακεδών@ndmpp οἶδα@vila3s γάρ@b αὐξάνω@vpreams ἑαυτοῦ@rpams ζά@viia3s ὅς@rpgnp ἐκεῖνος@rpamp κακός@b ποιέω@viaa3s καί@cs πρῶτος@anafs- λαμβάνω@vpraams μέγας@anafss ὑπόθεσις@nafsc ὁ@dgfs πολιτεία@ngfsc ὁ@dafs πρός@p ἀντίγονος@namsp ὁ@dams παλαιός@anams- ἔχθρα@nafsc"
"Arat._43.2","ἀλλά@b ὁράω@vppanms ἀπαραίτητος@anafs- ἐπίκειμαι@vppeafs ἀνάγκη@nafsc καί@b ὁ@dams καιρός@namsc ὅς@rpdms δουλεύω@vipa3p ὁ@dnmp δοκέω@vppanmp ἄρχω@vnpa-- χωρέω@viia3s πρός@p ὁ@dans δεινός@anans- ὁ@dnms δέ@b ἀντίγονος@nnmsp ὡς@cs τις@rpnms αὐτός@rpdms πρόσειμι@vppaams ὁ@dams ἄρατος@namsp φράζω@viaa3s ὁ@damp μέν@b ἄλλος@rpamp ἀσπάζομαι@viam3s μέτριος@b καί@cs κοινός@b ἐκεῖνος@rpams δέ@cs καί@b περί@p ὁ@dafs πρῶτος@anafs- ἀπάντησις@nafsc δέχομαι@viam3s ὁ@ddfs τιμή@ndfsc περιττῶς@b καί@cs ὁ@dans ἄλλος@rpanp πειράω@vppenms ἀνήρ@ngmsc ἀγαθός@angms- καί@cs νόος@namsc ἔχω@vppagms ἐνδοτέρω@b ὁ@dgfs χρεία@ngfsc προσάγω@viam3s"
"Arat._43.3","καί@b γάρ@b εἰμί@viia3s ὁ@dnms ἄρατος@nnmsp οὐ@b μόνος@anans- ἐν@p πρᾶγμα@ndnpc μέγας@andnp- ὠφέλιμος@annms- ἀλλά@cs καί@b σχολάζω@vppadms βασιλεύς@ndmsc συγγίγνομαι@vnam-- παρά@p ὅστις@rpams ἐπίχαρις@nnfsc διό@b καίπερ@b εἰμί@vppanms νέος@annms- ὁ@dnms ἀντίγονος@nnmsp ὡς@cs κατανοέω@viaa3s ὁ@dafs φύσις@nafsc ὁ@dgms ἀνήρ@ngmsc μηδείς@anans- ἀργός2@anafs- εἰς@p φιλία@nafsc βασιλικός@anafs- εἰμί@vppaafs οὐ@b μόνος@anans- ἀχαιός@ngmpp ἀλλά@cs καί@b μακεδών@ngmpp ὁ@dgmp σύν@p αὐτός@rpdms πᾶς@angmp- μάλιστα@b χράομαι@vppenms ἐκεῖνος@rpdms διατελέω@viia3s"
"Arat._43.4","καί@b ὁ@dnns σημεῖον@nnnsc ἀποβαίνω@viia3s ὡς@cs ὁ@dnms θεός@nnmsc ἐπί@p ὁ@dgnp ἱερόν@ngnpc δείκνυμι@viaa3s λέγω3@vipe3s γάρ@b οὐ@b πρό@p πολύς@angns- θύω@vppadms ὁ@ddms ἄρατος@ndmsp δύο@an---- χολή@nafpc ἐν@p ἧπαρ@ndnsc φαίνω@vnap-- εἷς@andfs- πιμελή@ndfsc περιέχω@vppeafp καί@cs ὁ@dams μάντις@namsc εἶπον@vnaa-- ὡς@cs ταχύς@anans- πρός@p ὁ@danp ἔχθιστος@ananps καί@cs πολέμιος@ananps σύνειμι1@vipa3p εἰς@p ἄκρα@anafs- φιλία@nafsc τότε@b μέν@b οὖν@b παραφέρω@viaa3s ὁ@dans ἐρῶ@vpapans οὐ@b δέ@b ἄλλως@b πολύς@anans- νέμω@vppanms πίστις@ngfsc ἱερόν@andnp- καί@cs μάντευμα@ndnpc ἀλλά@cs ὁ@ddms λογισμός@ndmsc χράομαι@vppenms"
"Arat._43.5","ἐπεί@cs δέ@b ὕστερος@anans- εὖ@b χωρέω@vppadms ὁ@ddms πόλεμος@ndmsc συνάγω@vpaanms ὁ@dnms ἀντίγονος@nnmsp ἑστίασις@vira3p ἐν@p κόρινθος@ndfsp καί@cs πολύς@anamp- ὑποδέχομαι@vppenms ὁ@dams ἄρατος@namsp ἐπάνω@b κατακλίνω@viaa3s ἑαυτοῦ@rpgms καί@cs μετά@p μικρός@anans- αἰτέω@vpaanms περιβόλαιον@nansc ἐρωτάω@viaa3s εἰ@cs δοκέω@vipa3s καί@b ἐκεῖνος@rpdms ψῦχος@nnnsc εἰμί@vnpa-- ὁ@dgms δέ@cs καί@b πάνυ@b ῥιγόω@b φημί@vpaagms κελεύω@viaa3s προσχωρέω@vnpa-- ἐγγύς@b καί@cs δάπις@ngfsc κομίζω@vpapgfs ἀμφότερος@anamp- ὁμοῦ@b περιβάλλω@viaa3p ὁ@dnmp παῖς@nnmpc τότε@b δή@b ὁ@dams ἄρατος@namsp ἀναμιμνήσκω@vpapams ὁ@dgnp ἱερόν@ngnpc ἐκεῖνος@angnp- γέλως@nnmsc λαμβάνω@viaa3s καί@cs διηγέομαι@viie3s ὁ@ddms βασιλεύς@ndmsc ὁ@dans σημεῖον@nansc καί@cs ὁ@dafs προαγόρευσις@nafsc ἀλλά@b οὗτος@rpnnp μέν@b πράσσω@viap3s χρόνος@ndmpc ὕστερος@anans-"
"Arat._44.1","ἐν@p δέ@b ὁ@ddfp πηγαί@ndfpp δίδωμι@vpaanmp καί@cs λαμβάνω@vpaanmp ὅρκος@nampc εὐθύς2@b βαδίζω@viia3p ἐπί@p ὁ@damp πολέμιος@nampc καί@cs περί@p ὁ@dafs πόλις@nafsc ἀγών@nnmpc εἰμί@viia3p εὖ@b φράσσω@vpregms ὁ@dgms κλεομένης@ngmsp καί@cs ὁ@dgmp κορίνθιος@ngmpp ἀμύνω@vppegmp πρόθυμος@b ἐν@p οὗτος@rpdns δέ@b ἀριστοτέλης@nampp ὁ@dnms ἀργεῖος@annms- φίλος@nnmsc εἰμί@vppanms ἄρατος@ngmsp διαπέμπω@vipe3s κρύφα@b πρός@p αὐτός@rpams ὡς@b ἀφεστήξω@vpfanms ὁ@dafs πόλις@nafsc εἰ@cs στρατιώτης@nampc ἐκεῖνος@rpnms ἔχω@vppanms ἔρχομαι@voaa3s"
"Arat._44.2","ὁ@dgms δέ@b ἄρατος@ngmsp φράζω@vpaagms ὁ@ddms ἀντίγονος@ndmsp καί@cs μετά@p χίλιοι@angmp- καί@cs πεντακόσιοι@angmp- εἰς@p ἐπίδαυρος@namsp ἐκ@p ἰσθμός@ngmsp πλοῖον@ndnpc κομίζω@vppegms κατά@p τάχος@nansc ὁ@dnmp μέν@b ἀργεῖος@nnmpp προεξανίσταμαι@vpaanmp ἐπιτίθημι@viam3p ὁ@ddmp ὁ@dgms κλεομένης@ngmsp καί@cs κατακλείω@viaa3p εἰς@p ὁ@dafs ἀκρόπολις@nafsc ὁ@dnms δέ@cs κλεομένης@nnmsp πυνθάνομαι@vpppnms οὗτος@rpanp καί@cs δείδω@vpaanms μή@cs κατέχω@vpaanmp ὁ@dnmp πολέμιος@nnmpc ὁ@dans ἄργος@nansp ἀποκόπτω@vsaa3p αὐτός@rpams ὁ@dgfs οἴκαδε@b σωτηρία@ngfsc ἐκλείπω@vpaanms ὁ@dams ἀκροκόρινθος@namsp ἔτι@b νύξ@ngfsc βοηθέω@viia3s"
"Arat._44.3","καί@b παρέρχομαι@vpaanms μέν@b εἰς@p ἄργος@nansp φθάνω@viap3s καί@cs τροπή@nafsc τις@anafs- ὁ@dgmp πολέμιος@ngmpc ποιέω@viaa3s ὀλίγος@andns- δέ@cs ὕστερος@anans- ἄρατος@ngmsp προσφέρω@vppegms καί@cs ὁ@dgms βασιλεύς@ngmsc ἐπιφαίνω@vppegms μετά@p ὁ@dgfs δύναμις@ngfsc ἀποχωρέω@viaa3s εἰς@p μαντίνεια@nafsp ἐκ@p οὗτος@rpgns ὁ@ddmp μέν@b ἀχαιός@ndmpp πάλιν@b ὁ@dnfp πόλις@nnfpc ἅπας@annfp- προσχωρέω@viaa3p ἀντίγονος@nnmsp δέ@b ὁ@dams ἀκροκόρινθος@namsp παραλαμβάνω@viaa3s ἄρατος@nnmsp δέ@cs στρατηγός@nnmsc αἱρέω@vpapnms ὑπό@p ἀργεῖος@ngmpp πείθω@viaa3s αὐτός@rpamp ἀντίγονος@ndmsp ὁ@danp τε@b ὁ@dgmp τύραννος@ngmpc καί@cs ὁ@danp ὁ@dgmp προδότης@ngmpc χρῆμα@nanpc δωρεά@nafsc δίδωμι@vnaa--"
"Arat._44.4","ὁ@dams δέ@b ἀριστόμαχος@namsp ἐν@p κεγχρεαί@ndfpp στρεβλόω@vpaanmp καταπίνω@viaa3p ἐπί@p ὅς@rpdms καί@b μάλιστα@b κακός@b ἀκούω@viaa3s ὁ@dnms ἄρατος@nnmsp ὡς@b ἄνθρωπος@namsc οὐ@b πονηρός@anams- ἀλλά@cs καί@b χράω@vpreams ἐκεῖνος@rpdms καί@cs πείθω@vpreams ἀφίημι@vnaa-- ὁ@dafs ἀρχή@nafsc καί@cs προσάγω@vnaa-- ὁ@ddmp ἀχαιός@ndmpp ὁ@dafs πόλις@nafsc ὅμως@cs περίεἶδον@vpaanms παράνομος@b ἀπόλλυμι@vppeams"
"Arat._45.1","ἤδη@b δέ@b καί@b ὁ@dgnp ἄλλος@rpgnp ἐκεῖνος@rpdms ὁ@dafp αἰτία@nafpc ἐπιφέρω@viia3p οἷος@anans- ὅτι@cs ὁ@dafs μέν@b κορίνθιος@ngmpp πόλις@nafsc ἀντίγονος@ndmsp δωρεά@nafsc δίδωμι@viaa3p ὥσπερ@b κώμη@nafsc ὁ@dafs τυγχάνω@vpaaafs ὁ@dams ὀρχομενός@namsp δέ@b συγχωρέω@viaa3p αὐτός@rpdms διαρπάζω@vpaadms φρουρά@nafsc ἐμβάλλω@vnaa-- μακεδονικός@anafs- ψηφίζω@viam3p δέ@cs ἄλλος@rpdms μή@b γράφω@vnpa-- βασιλεύς@ndmsc μη@b δέ@cs πρεσβεύω@vnpa-- πρός@p ἄλλος@anams- ἀέκων@angms- ἀντίγονος@ngmsp"
"Arat._45.2","τρέφω@vnpa-- τε@cs καί@cs μισθοδοτέω@vnpa-- ἀναγκάζω@viie3p ὁ@damp μακεδών@nampp θυσία@nafpc δέ@cs καί@b πομπή@nafpc καί@cs ἀγών@nampc ἀντίγονος@ndmsp συντελέω@viia3p ἄρχω@vpamgmp ὁ@dgmp ἄρατος@ngmsp πολίτης@ngmpc καί@cs δέχομαι@vpamgmp ὁ@ddfs πόλις@ndfsc ὁ@dams ἀντίγονος@namsp ὑπό@p ἄρατος@ngmsp ξενίζω@vppeams αἰτιάομαι@viie3p πᾶς@angmp- ἐκεῖνος@rpams ἀγνοέω@vppanmp ὅτι@cs ὁ@dafp ἡνία@nafpc ἐκεῖνος@rpdms παραδίδωμι@vpranms καί@cs ὁ@ddfs ῥύμη@ndfsc ὁ@dgfs βασιλικός@angfs- ἐφέλκω@vppenms ἐξουσία@ngfsc οὐδείς@angns- εἰμί@viia3s ἤ1@cs μόνος@angfs- φωνή@ngfsc ἔτι@b κύριος@annms- ἐπισφαλής@anafs- ὁ@dafs παρρησία@nafsc ἔχω@vppagfs"
"Arat._45.3","ἐπεί@cs φανερός@b γε@b πολύς@annnp- ὁ@dgnp πράσσω@vppegnp λυπέω@viia3s ὁ@dams ἄρατος@namsp ὥσπερ@cs ὁ@dnns περί@p ὁ@dgmp εἰκών@ngmpc ὁ@dnms γάρ@b ἀντίγονος@nnmsp ὁ@dafp μέν@b ὁ@dgmp ἐν@p ἄργος@ndnsp τύραννος@ngmpc κατατίθημι@vpreafp ἀνίστημι@viaa3s ὁ@dafp δέ@cs ὁ@dgmp αἱρέω@vpaagmp ὁ@dams ἀκροκόρινθος@namsp ἵστημι@vpaanms ἀνατρέπω@viaa3s πλήν@p εἷς@angfs- ὁ@dgfs ἐκεῖνος@rpgms καί@b πολύς@ananp- περί@p οὗτος@rpgnp δέω2@vpapnms ὁ@dnms ἄρατος@nnmsp οὐ@b πείθω@viaa3s"
"Arat._45.4","δοκέω@viia3s δέ@b καί@b ὁ@danp περί@p μαντίνεια@nafsp οὐ@b ἑλληνικός@b διοικέω@vnpe-- ὁ@ddmp ἀχαιός@ndmpp κρατέω@vpaanmp γάρ@b αὐτός@rpgmp διά@p ἀντίγονος@ngmsp ὁ@damp μέν@b ἔνδοξος@anamps καί@cs πρῶτος@anamp- ἀποκτείνω@viaa3p ὁ@dgmp δέ@b ἄλλος@rpgmp ὁ@damp μέν@b ἀποδίδωμι@viam3p ὁ@damp δέ@b εἰς@p μακεδονία@nafsp ἀποστέλλω@viaa3p ἐν@p πέδη@ndfpc δέω1@vpreamp παῖς@nampc δέ@b καί@cs γυνή@nafpc ἀνδραποδίζω@viam3p ὁ@dgns δέ@b συνάγω@vpapgns ἀργύριον@ngnsc ὁ@dans τρίτος@anans- αὐτός@rpnmp διαιρέω@viam3p ὁ@dafp δέ@cs δύο@an---- μοῖρα@nafpc νέμω@viaa3p ὁ@ddmp μακεδών@ndmpp"
"Arat._45.5","καί@b οὗτος@rpnnp μέν@b ἔχω@viaa3s ὁ@dams ὁ@dgfs ἄμυνα@ngfsc νόμος@namsc καί@cs γάρ@b εἰ@cs δεινός@annns- ἀνήρ@nampc ὁμόφυλος@anamp- καί@cs συγγενής@anamp- οὕτως@b μεταχειρίζω@vnam-- διά@p ὀργή@nafsc ἀλλά@cs ἐν@p ἀνάγκη@ndfpc γλυκύς@annns- γίγνομαι@vipe3s καί@cs σκληρός@annns- κατά@p σιμωνίδης@namsp ὥσπερ@b ἀλγέω@vppadms ὁ@ddms θυμός@ndmsc καί@cs φλεγμαίνω@vppadms θεραπεία@nafsc καί@cs ἀναπλήρωσις@nafsc προσφέρω@vppagmp ὁ@danp δέ@b μετά@p οὗτος@rpanp πράσσω@vpapnnp περί@p ὁ@dafs πόλις@nafsc οὐ@b τε@b εἰς@p καλός@anafs- οὐ@b τε@cs εἰς@p ἀναγκαῖος@anafs- εἰμί@vipa3s τίθημι@vnae-- ὁ@ddms ἄρατος@ndmsp πρόφασις@nafsc"
"Arat._45.6","ὁ@dgmp γάρ@b ἀχαιός@ngmpp ὁ@dafs πόλις@nafsc παρά@p ἀντίγονος@ngmsp δωρεά@nafsc λαμβάνω@vpaagmp καί@cs κατοικίζω@vnpa-- γιγνώσκω@vpragmp αὐτός@rpnms οἰκιστής@nnmsc αἱρέω@vpapnms καί@cs στρατηγός@nnmsc εἰμί@vppanms ψηφίζομαι@viam3s μηκέτι@b καλέω@vnfa-- μαντίνεια@nafsp ἀλλά@cs ἀντιγόνεια@nafsp ὅς@rpnns καί@b μέχρι@p νῦν@b καλέω@vipe3s καί@cs δοκέω@vipa3s διά@p ἐκεῖνος@rpams ὁ@dnfs μέν@b ἐρατεινός@annfs- μαντίνεια@nnfsp παντάπασι@b ἐξαλείφω@vnre-- διαμένω@vipa3s δέ@cs ὁ@dnfs πόλις@nnfsc ἐπώνυμος@annfs- ὁ@dgmp ἀπόλλυμι@vpaagmp καί@cs ἀναιρέω@vpaagmp ὁ@damp πολίτης@nampc"
"Arat._46.1","ἐκ@p οὗτος@rpgns κλεομένης@nnmsp μέν@b ἡσσάομαι@vpaenms μάχη@ndfsc μέγας@andfs- περί@p σελλασία@nafsp ἐκλείπω@viaa3s ὁ@dafs σπάρτη@nafsp καί@cs ἀποπλέω@viaa3s εἰς@p αἴγυπτος@nafsp ἀντίγονος@nnmsp δέ@cs πᾶς@ananp- ὁ@danp δίκαιος@ananp- καί@cs φιλάνθρωπος@ananp- ὁ@ddms ἄρατος@ndmsp ποιέω@vpranms ἀναζεύγνυμι@viaa3s εἰς@p μακεδονία@nafsp καί@cs ἐκεῖ@b νοσέω@vppanms ἤδη@b ὁ@dams διάδοχος@namsc ὁ@dgfs βασίλεια@ngfsc φίλιππος@namsp οὔπω@b πάνυ@b μειράκιον@nnnsc εἰμί@vppaams πέμπω@vppanms εἰς@p πελοπόννησος@nafsp ἄρατος@ndmsp μάλιστα@b προσέχω@vnpa-- κελεύω@viaa3s καί@cs διά@p ἐκεῖνος@rpgms ὁ@ddfp πόλις@ndfpc ἐντυγχάνω@vnaa-- καί@cs γνωρίζω@vnap-- ὁ@ddmp ἀχαιός@ndmpp"
"Arat._46.2","καί@b μέντοι@b καί@b παραλαμβάνω@vpaanms αὐτός@rpams ὁ@dnms ἄρατος@nnmsp οὕτως@b διατίθημι@viaa3s ὥστε@cs πολύς@angfs- μέν@b εὔνοια@ngfsc πρός@p αὐτός@rpams πολύς@angfs- δέ@cs πρός@p ὁ@dafp ἑλληνικός@anafp- πρᾶξις@nafpc φιλοτιμία@ngfsc καί@cs ὁρμή@ngfsc μεστός@anans- εἰς@p μακεδονία@nafsp ἀποστέλλω@vnaa--"
"Arat._47.1","τελευτάω@vpaagms δέ@b ἀντίγονος@ngmsp καταφρονέω@vpaanmp αἰτωλοί@nnmpp ὁ@dgmp ἀχαιός@ngmpp διά@p ὁ@dafs ῥᾳθυμία@nafsc ἐθίζω@vpapnmp γάρ@b ἀλλότριος@andfp- σώζω@vnpe-- χείρ@ndfpc καί@cs ὁ@ddnp μακεδών@ngmpp ὅπλον@ndnpc ἑαυτοῦ@rpamp ὑποστέλλω@vpranmp ἐν@p ἀργία@ndfsc πολύς@andfs- καί@cs ἀταξία@ndfsc διάγω@viia3p ἐπιτίθημι@viam3p ὁ@ddmp κατά@p πελοπόννησος@nafsp πρᾶγμα@ndnpc καί@b ὁ@dafs μέν@b πατήρ@ngmpp καί@cs δυμαία@ngmpp λεηλασία@anafs- ὁδός@ngfsc πάρεργον@anafs- ποιέω@viam3p ὁ@dafs δέ@cs μεσσήνη@nafsp ἐμβάλλω@vpaanmp πορθέω@viia3p"
"Arat._47.2","ἐπί@p ὅς@rpdnp ὁ@dnms ἄρατος@nnmsp ἀγανακτέω@vppanms καί@cs ὁ@dams στρατηγέω@vppaams τότε@b ὁ@dgmp ἀχαιός@ngmpp τιμόξενος@namsp ὁράω@vppanms ὀκνέω@vppaams καί@cs διατρίβω@vppaams ὁ@dams χρόνος@namsc ἤδη@b ὁ@dgfs στρατηγία@ngfsc αὐτός@rpdms τελευτάω@vpaagfs αὐτός@annms- αἱρέω@vprenms ἄρχω@vnpa-- μετά@p ἐκεῖνος@rpams προλαμβάνω@viaa3s ἡμέρα@ndfpc πέντε@an---- ὁ@dafs ἀρχή@nafsc ἕνεκα@p ὁ@dgns βοηθέω@vnaa-- μεσσήνιοι@ndmpp καί@b συνάγω@vpaanms ὁ@damp ἀχαιός@nampp ὁ@ddnp τε@b σῶμα@ndnpc ἀγύμναστος@anamp- εἰμί@vppaamp καί@cs ὁ@ddfp διάνοια@ndfpc ἐκλύω@vpreamp πρός@p ὁ@dams πόλεμος@namsc ἡσσάομαι@vipe3s περί@p καφύη@nampp"
"Arat._47.3","καί@b θυμικός@anansc στρατηγέω@vnra-- δοκέω@vpaanms οὕτως@b αὖ@b πάλιν@b ἀπαμβλύνω@viap3s καί@cs προήκω@viam3s ὁ@danp πρᾶγμα@nanpc καί@cs ὁ@dafp ἐλπίς@nafpc ὥστε@cs πολλάκις@b λαβή@nafsc ὁ@damp αἰτωλοί@nampp παρέχω@vpaaamp ἀνέχω@vnpe-- καί@cs περιοράω@vnpa-- ὥσπερ@b κωμάζω@vppaamp ἐν@p ὁ@ddfs πελοπόννησος@ndfsp μετά@p πολύς@angfs- ἀσέλγεια@ngfsc καί@cs θρασύτης@ngfsc"
"Arat._47.4","αὖθις@b οὖν@b ὁ@dafp χείρ@nafpc ὀρέγω@vppanmp εἰς@p μακεδονία@nafsp ἐπισπάω@viie3p καί@cs κατάγω@viia3p ἐπί@p ὁ@dafp ἑλληνικός@anafp- πρᾶξις@nafpc ὁ@dams φίλιππος@namsp οὐ@b ἥκιστος@ananp- διά@p ὁ@dafs πρός@p ὁ@dams ἄρατος@namsp εὔνοια@nafsc αὐτός@rpgms καί@cs πίστις@nafsc ἐλπίζω@vppanmp εὔκολος@andms- περί@p πᾶς@ananp- χράω2@vnfm-- καί@b χειροήθης@ndnsc"
"Arat._48.1","καί@b τότε@b πρῶτος@anans- ἀπελλοῦ@ngmsp καί@b μέγας@ngmsp καί@cs τις@rpgmp αὐλικός@angmp- ἄλλος@angmp- διαβάλλω@vppagmp ὁ@dams ἄρατος@namsp ἀναπείθω@vpapnms ὁ@dnms βασιλεύς@nnmsc καί@cs συναρχαιρεσιάω@vpaanms ὁ@ddmp ἀπό@p ὁ@dgfs ἐναντίος@angfs- στάσις@ngfsc σπουδάζω@viaa3s ὁ@damp ἀχαιός@nampp αἱρέω@vnam-- στρατηγός@namsc ἐπήρατος@namsp"
"Arat._48.2","ὡς@cs δέ@b ἐκεῖνος@rpgms μέν@b καταφρονέω@angmsc τέλειος@b ὑπό@p ὁ@dgmp ἀχαιός@ngmpp ὁ@dgms δέ@cs ἄρατος@ngmsp παραμελέω@vppagms γίγνομαι@viie3s ὁ@dgnp χρήσιμος@angnp- οὐδείς@rpans γιγνώσκω@viaa3s διαμαρτάνω@vppanms ὁ@dgns πᾶς@angns- ὁ@dnms φίλιππος@nnmsp καί@b ἀνακρούω@vpamnms αὖθις@b ἐπί@p ὁ@dams ἄρατος@namsp ὅλος@annms- εἰμί@viia3s ἐκεῖνος@rpams καί@cs ὁ@dgnp πρᾶγμα@ngnpc αὐτός@rpdms πρός@p τε@b δύναμις@nafsc καί@cs πρός@p εὐδοξία@nafsc ἐπιδίδωμι@vppagnp ἐξήρτημαι@viie3s ὁ@dgms ἀνήρ@ngmsc ὡς@b διά@p ἐκεῖνος@rpams εὐδοκιμέω@vppanms καί@cs αὐξάνω@vppenms"
"Arat._48.3","δοκέω@viia3s τε@b πᾶς@andmp- ὁ@dnms ἄρατος@nnmsp οὐ@b μόνος@anans- δημοκρατία@ngfsc ἀλλά@cs καί@b βασίλεια@ngfsc ἀγαθός@annms- εἰμί@vnpa-- παιδαγωγός@nnmsc ὁ@dnfs γάρ@b προαίρεσις@nnfsc αὐτός@rpgms καί@cs ὁ@dnns ἦθος@nnnsc ὡς@cs χρῶμα@nnnsc ὁ@ddfp πρᾶξις@ndfpc ὁ@dgms βασιλεύς@ngmsc ἐπιφαίνω@viie3s καί@b γάρ@b ὁ@dnfs πρός@p λακεδαιμόνιος@nampp ἁμαρτάνω@vpaaamp μετριότης@nnfsc ὁ@dgms νεανίσκος@ngmsc καί@cs ὁ@dnfs πρός@p κρής@nampp ὁμιλία@nnfsc διά@p ὅς@rpgfs ὅλος@anafs- προσάγω@viam3s ὁ@dafs νῆσος@nafsc ἡμέρα@ndfpc ὀλίγος@andfp- ὅς@dnfs τε@cs πρός@p αἰτωλοί@nampp στρατεία@nnfsc γίγνομαι@vpamnfs θαυμαστός@b ἐνεργός@annfs- εὐπείθεια@ngfsc μέν@b ὁ@ddms φίλιππος@ndmsp δόξα@nafsc εὐβουλία@ngfsc δέ@cs ὁ@ddms ἄρατος@ndmsp προστίθημι@viia3s"
"Arat._48.4","καί@b διά@p οὗτος@rpanp μᾶλλον@b ὁ@dnmp βασιλικός@annmp- φθονέω@vppanmp ὡς@cs οὐδείς@rpans περαίνω@viia3p κρύφα@b διαβάλλω@vppanmp ἀναφανδόν@b λοιδορέω@viie3p καί@cs προσκρούω@viia3p αὐτός@rpdms παρά@p ὁ@damp πότος@nampc μετά@p πολύς@angfs- ἀσέλγεια@ngfsc καί@cs βωμολοχία@ngfsc ἅπαξ@b δέ@b καί@b λίθος@ndmpc βάλλω@vppanmp ἄπειμι1@vppaams εἰς@p ὁ@dafs σκηνή@nafsc μετά@p ὁ@dans δεῖπνον@nansc καταδιώκω@viaa3p ἐπί@p ὅς@rpdnp ὁ@dnms φίλιππος@nnmsp ὀργίζω@vpapnms εὐθύς2@b μέν@b αὐτός@rpamp ζημιόω@viaa3s εἴκοσι@an---- τάλαντον@ndnpc ὕστερος@anans- δέ@cs λυμαίνομαι@vnpe-- ὁ@danp πρᾶγμα@nanpc καί@cs ταράσσω@vnpa-- δοκέω@vppaamp ἀποκτείνω@viaa3s"
"Arat._49.1","ἐπεί@cs δέ@b ὁ@dgfs τύχη@ngfsc εὐρόω@vppagfs ἐπαίρω@vppenms ὁ@ddnp πρᾶγμα@ndnpc πολύς@anafp- μέν@b ἀναφύω@viaa3s καί@cs μέγας@anafp- ἐπιθυμία@nafpc ὁ@dnfs δέ@cs ἔμφυτος@annfs- κακία@nnfsc ὁ@dams παρά@p φύσις@nafsc σχηματισμός@namsc ἐκβιάζω@vppenfs καί@cs ἀναδύνω@vppanfs κατά@p μικρός@anans- ἀπογυμνόω@viia3s καί@cs διαφαίνω@viia3s αὐτός@rpgms ὁ@dans ἦθος@nansc πρῶτος@anans- μέν@b ἴδιος@andfs- ὁ@dams νέος@anamsc ἄρατος@namsp ἀδικέω@viia3s περί@p ὁ@dafs γυνή@nafsc καί@cs πολύς@anams- χρόνος@namsc λανθάνω@viia3s ἐφέστιος@annms- εἰμί@vppanms καί@cs ξενίζω@vppenms ὑπό@p αὐτός@rpgmp ἔπειτα@b πρός@p ὁ@dafp ἑλληνικός@anafp- ἐκτραχύνω@viie3s πολιτεία@nafpc καί@cs φανερός@annms- εἰμί@viia3s ἤδη@b ὁ@dams ἄρατος@namsp ἀποσείω@vpfmnms"
"Arat._49.2","ἀρχή@nafsc δέ@b ὑποψία@ngfsc ὁ@dnnp μεσσηνιακός@annnp- παρέχω@viaa3s στασιάζω@vpaagmp γάρ@b αὐτός@rpgmp ὁ@dnms μέν@b ἄρατος@nnmsp ὑστερέω@viia3s βοηθέω@vppanms ὁ@dnms δέ@cs φίλιππος@nnmsp ἡμέρα@ndfsc εἷς@andfs- πρότερος@anans- ἔρχομαι@vpaanms εἰς@p ὁ@dafs πόλις@nafsc εὐθύς2@b οἶστρος@namsc τις@anams- κατά@p ἀλλήλων@rpgmp ἐμβάλλω@viaa3s ὁ@ddmp ἄνθρωπος@ndmpc ἴδιος@andfs- μέν@b ἐρωτάω@vppanms ὁ@damp στρατηγός@nampc ὁ@dgmp μεσσήνιοι@ngmpp εἰ@cs νόμος@nampc κατά@p ὁ@dgmp πολύς@angmp- οὐ@b ἔχω@vipa3p ἴδιος@andfs- δέ@cs πάλιν@b ὁ@damp ὁ@dgmp πολύς@angmp- προίστημι@vpraamp εἰ@cs χείρ@nafpc κατά@p ὁ@dgmp τυραννεύω@vppagmp οὐ@b ἔχω@vipa3p"
"Arat._49.3","ἐκ@p δέ@b οὗτος@rpgns θαρσέω@vpaanmp ὁ@dnmp μέν@b ἄρχω@vppanmp ἐπιλαμβάνω@viie3p ὁ@dgmp δημαγωγός@ngmpc ἐκεῖνος@rpnmp δέ@cs μετά@p ὁ@dgmp πολύς@angmp- ἐπέρχομαι@vpaanmp ὁ@damp τε@b ἄρχων@nampc ἀποκτείνω@viaa3p καί@cs ὁ@dgmp ἄλλος@rpgmp ὀλίγος@anans- ἀπολιμπάνω@vppaamp διακόσιοι@angmp-"
"Arat._50.1","οὕτως@b δέ@b δεινός@anans- ἔργον@nansc ἐξεργάζομαι@vpregms ὁ@dgms φίλιππος@ngmsp καί@cs συγκρούω@vppagms ἔτι@b μᾶλλον@b ἑαυτοῦ@rpdmp ὁ@damp μεσσήνιοι@nampp ἐπέρχομαι@vpaanms ὁ@dnms ἄρατος@nnmsp αὐτός@annms- τε@b δῆλος@annms- εἰμί@viia3s φέρω@vppanms βαρύς@b καί@cs ὁ@dams υἱός@namsc ἐπιτιμάω@vppaams πικρός@b ὁ@ddms φίλιππος@ndmsp καί@cs λοιδορέω@vppeams οὐ@b κωλύω@viaa3s δοκέω@viia3s δέ@b ὁ@dnms νεανίσκος@nnmsc ἐράω1@vnpa-- ὁ@dams φίλιππος@ngmsp καί@b τότε@b λέγω3@vppanms εἶπον@viaa3s πρός@p αὐτός@rpams ὡς@cs οὐ@b δέ@b καλός@annms- ἔτι@b φαίνω@vope3s ὁ@dafs ὄψις@nafsc αὐτός@rpdms τοιοῦτος@rpanp δράω@vpaanms ἀλλά@cs πᾶς@angnp- αἰσχρός@annms-"
"Arat._50.2","ὁ@dnms δέ@b φίλιππος@nnmsp ἐκεῖνος@rpdms μέν@b οὐδείς@rpans ἀντεῖπον@viaa3s καίπερ@b ἐπίδοξος@annms- εἰμί@vppanms ὑπό@p ὀργή@ngfsc καί@cs πολλάκις@b ἐξυλακτέω@vpaanms λέγω3@vppagms αὐτός@rpgms ὁ@dams δέ@cs πρέσβυς@anamsc ὡς@b φέρω@vpranms πρᾶος@b ὁ@danp λέγω3@vpapanp καί@cs τις@rpnms εἰμί@vppanms μέτριος@annms- καί@cs πολιτικός@annms- ὁ@dafs φύσις@nafsc ἀνίστημι@viaa3s ἐκ@p ὁ@dgns θέατρον@ngnsc ὁ@dafs δεξιός@nafsc ἐμβάλλω@vpaanms καί@cs προσάγω@viia3s εἰς@p ὁ@dams ἰθωμάτα@namsp ὁ@ddms τε@b ζεύς@ndmsp θύω@vpfanms καί@cs θεωρέω@vpfanms ὁ@dams τόπος@namsc"
"Arat._50.3","εἰμί@vipa3s γάρ@b οὐ@b ἥσσων@anansc εὐερκής@annms- ὁ@dgms ἀκροκόρινθος@ngmsp καί@cs λαμβάνω@vpaanms φρουρά@nafsc γίγνομαι@vipe3s χαλεπός@annms- καί@cs δυσεκβίαστος@annms- ὁ@ddmp παροικέω@vppadmp ἀναβαίνω@vpaanms δέ@b καί@cs θύω1@vpaanms ὡς@cs προσφέρω@viaa3s αὐτός@rpdms ὁ@danp σπλάγχνον@nanpc ὁ@dgms βοῦς@ngmsc ὁ@dnms μάντις@nnmsc ἀμφότερος@andfp- ὁ@ddfp χείρ@ndfpc ὑπολαμβάνω@vpaanms δείκνυμι@viia3s ὁ@ddms τε@b ἄρατος@ndmsp καί@cs ὁ@ddms φαβίος@ndmsp δημ́ητριος@ndmsp παρά@p μέρος@nansc ἀποκλίνω@vppanms εἰς@p ἑκάτερος@anans- καί@cs πυνθάνομαι@vppenms τίς@rpans καθοράω@vipa3p ἐν@p ὁ@ddnp ἱερόν@ndnpc κρατέω@vppaams ὁ@dgfs ἄκρα@ngfsc αὐτός@rpams ἤ1@cs ὁ@ddmp μεσσήνιοι@ndmpp ἀποδίδωμι@vppaams"
"Arat._50.4","γελάω@vpaanms οὖν@b ὁ@dnms δημ́ητριος@nnmsp εἰ@cs μέν@b φημί@viia3s μάντις@b ἔχω@vipa2s ψυχή@nafsc ἀφίημι@vifa2s ὁ@dams τόπος@namsc εἰ@cs δέ@cs βασιλεύς@ngmsc ἀμφότερος@angnp- ὁ@dgnp κέρας@ngnpc ὁ@dams βοῦς@namsc κατέχω@vifa2s αἰνίσσομαι@vppenms ὁ@dafs πελοπόννησος@nafsp ὡς@cs εἰ@cs προσλαμβάνω@voaa3s ὁ@dams ἰθωμάτα@namsp ὁ@ddms ἀκροκόρινθος@ndmsp παντάπασι@b εἰμί@vpfmafs ὑποχείριος@anafs- καί@cs ταπεινός@anafs-"
"Arat._50.5","ὁ@dnms δέ@b ἄρατος@nnmsp ἐπί@p πολύς@anans- μέν@b ἡσυχάζω@viia3s δέω@vppegms δέ@cs ὁ@dgms φίλιππος@ngmsp ὁ@dans φαίνω@vppeans λέγω3@vnpa-- πολύς@annnp- μέν@b λέγω@viaa3s ὦ@i φίλιππος@nvmsp κρής@ngmpp ὄρος@nanpc καί@cs μέγας@ananp- πολύς@annfp- δέ@cs βοιωτός@ngmpp ἄκρα@nnfpc καί@cs φωκεύς@ngmpp ἐκφύω@vira3p ὁ@dgfs γῆ@ngfsc εἰμί@vipa3p δέ@b πού@b πολύς@annmp- καί@cs ὁ@dgfs ἀκαρνάν@ngmpp οὗτος@rpans μέν@b χερσαῖος@nnfpc οὗτος@rpans δέ@cs ἔναλος@annmp- τόπος@nnmpc θαυμαστός@anafp- ὀχυρότης@nafpc ἔχω@vppanmp ἀλλά@b οὐδείς@rpams οὗτος@rpgmp καταλαμβάνω@vira2s καί@cs πᾶς@annmp- ἑκούσιος@b σύ@rpdms ποιέω@vipa3p ὁ@dans προστάσσω@vppeans"
"Arat._50.6","λῃστής@nnmpc γάρ@b ἐμφύω@vipe3p πέτρα@ndfpc καί@cs κρημνός@ngmpc περιέχω@vipe3p βασιλεύς@ndmsc δέ@cs πίστις@ngfsc καί@cs χάρις@ngfsc ἰσχυρός@anansc οὐδείς@rpnns οὐ@b δέ@cs ὀχυρός@anansc οὗτος@rpnnp σύ@rpdfs ὁ@dans κρητικός@anans- ἀνοίγνυμι@vipa3s πέλαγος@nansc οὗτος@rpnnp ὁ@dafs πελοπόννησος@nafsp ἀπό@p οὗτος@rpgnp ὁρμάω@vppenms σύ@rpnms τοσοῦτος@annms- ἡλικία@nafsc ὁ@dgmp μέν@b ἡγεμών@nnmsc ὁ@dgnp δέ@cs κύριος@nnmsc ἤδη@b καθίστημι@vira2s ἔτι@b λέγω3@vppagms αὐτός@rpgms ὁ@danp μέν@b σπλάγχνον@nanpc ὁ@ddms μάντις@ndmsc παραδίδωμι@viaa3s ὁ@dnms φίλιππος@nnmsp ἐκεῖνος@rpams δέ@cs πῆ@dgfs χείρ@ngfsc ἐπισπάω@vpamnms δεῦρο@b τοίνυν@b φημί@viia3s ὁ@dafs αὐτός@anafs- ὁδός@nafsc εἶμι@vspa1p ὥσπερ@b ἐκβιάζω@vprenms ὑπό@p αὐτός@rpgms καί@cs ὁ@dafs πόλις@nafsc ἀφαιρέω@vprenms"
"Arat._51.1","ὁ@dnms δέ@b ἄρατος@nnmsp ἀπορρέω@vppanms ἤδη@b ὁ@dgfs αὐλή@ngfsc καί@cs κατά@p μικρός@anans- ἑαυτοῦ@rpams ἀνακομίζω@vppenms ἐκ@p ὁ@dgfs πρός@p ὁ@dams φίλιππος@namsp συνήθεια@ngfsc διαβαίνω@vppagms εἰς@p ἤπειρος@namsp αὐτός@rpgms καί@cs δέω@vppegms συστρατεύω@vnpa-- ἀπεῖπον@viam3s καί@cs καταμένω@viia3s δείδω@vpranms ἀναπίμπλημι@vnap-- δόξα@ngfsc πονηρός@angfs- ἀπό@p ὅς@rpafs ἐκεῖνος@rpnms πράσσω@viia3s"
"Arat._51.2","ἐπεί@cs δέ@b ὁ@dafp τε@b ναῦς@nafpc ὑπό@p ῥωμαῖος@ngmpp ἀπόλλυμι@vpaanms αἰσχρός@ananp- καί@cs ὅλος@b ἀποτυγχάνω@vpaanms ὁ@ddfp πρᾶξις@ndfpc ἐπανέρχομαι@viaa3s εἰς@p πελοπόννησος@nafsp καί@cs ὁ@damp μεσσήνιοι@nampp αὖθις@b ἐπιχειρέω@vpaanms φενακίζω@vnpa-- καί@cs μή@b λανθάνω@vpaanms ἀδικέω@viia3s φανερός@b καί@cs ὁ@dafs χώρα@nafsc αὐτός@rpgmp πορθέω@viia3s παντάπασι@b ὁ@dnms ἄρατος@nnmsp ἀποστρέφω@viap3s καί@cs διαβάλλω@viap3s πρός@p αὐτός@rpams ἤδη@b καί@b ὁ@dgnp περί@p ὁ@dafs γυναικωνῖτις@nafsc ἀδίκημα@ngnpc αἰσθάνομαι@vpamnms καί@cs φέρω@vppanms ἀνιαρός@b αὐτός@rpnms ἀποκρύπτω@vppenms δέ@cs ὁ@dams υἱός@namsc"
"Arat._51.3","οἶδα@vnra-- γάρ@b ὑβρίζω@vpreams περίειμι1@viia3s ἄλλος@anans- δέ@b οὐδείς@rpans ἀμύνω@vnam-- μή@b δύναμαι@vppedms μέγας@anafss γάρ@b ὁ@dnms φίλιππος@nnmsp δοκέω@vipa3s καί@cs παράλογος@anafss μεταβάλλω@vnam-- μεταβολή@nafsc ἐκ@p ἥμερος@ngmsc βασιλεύς@ngmsc καί@cs μειράκιον@ngnsc σώφρων@angns- ἀνήρ@nnmsc ἀσελγής@annms- καί@cs τύραννος@nnmsc ἐξώλης@annms- γίγνομαι@vpamnms ὁ@dnns δέ@cs οὐ@b εἰμί@viia3s ἄρα@b μεταβολή@nnfsc φύσις@ngfsc ἀλλά@cs ἐπίδειξις@nnfsc ἐν@p ἄδεια@ndfsc κακία@ngfsc πολύς@anams- χρόνος@namsc διά@p φόβος@namsc ἀγνοέω@vpapgfs"
"Arat._52.1","ὅτι@cs γάρ@b εἰμί@viia3s μίγνυμι@vprenns αἰσχύνη@ndfsc καί@cs φόβος@ndmsc ὁ@dnns πρός@p ὁ@dams ἄρατος@namsp αὐτός@rpgms πάθος@nnnsc ἀπό@p ἀρχή@ngfsc συντρέφω@vprenns δηλόω@viaa3s ὅς@rpdnp πράσσω@viaa3s περί@p αὐτός@rpams ἐπιθυμέω@vppanms γάρ@b ἀναιρέω@vnaa-- ὁ@dams ἀνήρ@namsc καί@cs νομίζω@vppanms οὐ@b δέ@b ἄν@b ἐλεύθερος@annms- ἐκεῖνος@rpgms ζάω@vppagms εἰμί@vnpa-- μή@b τίς@anans- γε@b τύραννος@nnmsc ἤ1@cs βασιλεύς@nnmsc βία@ndfsc μέν@b οὐδείς@rpans ἐπιχειρέω@viaa3s ταυρίων@namsp δέ@cs ὁ@dgmp στρατηγός@ngmpc τις@rpams καί@cs φίλος@ngmpc κελεύω@viaa3s ἄδηλος@andms- τρόπος@ndmsc οὗτος@rpans πράσσω@vnaa-- μάλιστα@b διά@p φάρμακον@ngnpc αὐτός@rpgms μή@b πάρειμι1@vppagms"
"Arat._52.2","ὁ@dnms δέ@b ποιέω@vpamnms ὁ@dams ἄρατος@namsp συνήθης@anams- φάρμακον@nansc αὐτός@rpdms δίδωμι@vipa3s οὐ@b ὀξύς@anans- καί@cs σφοδρός@anans- ἀλλά@cs ὁ@dgfp θέρμη@nafpc τε@b μαλακός@anafp- ὁ@dans πρῶτος@anans- ἐν@p ὁ@ddns σῶμα@ndnsc καί@cs βῆχα@nafsc κινέω@vppagmp ἀμβλύς@anafs- εἶτα@b οὕτως@b κατά@p μικρός@anans- εἰς@p φθορά@nafsc περαίνω@vppagmp οὐ@b μήν@b λανθάνω@viaa3s γε@b ὁ@dams ʼονάατος@namsc ἀλλά@cs ὡς@cs οὐδείς@annns- εἰμί@viia3s ὄφελος@nnnsc ἐλέγχω@vppadms πρᾶος@b καί@cs σιωπή@ndfsc ὁ@dans πάθος@nansc ὡς@b δή@b τις@anafs- νόσος@nafsc κοινός@anafs- καί@cs συνήθης@anafs- νοσέω@vppanms διαντλέω@viia3s"
"Arat._52.3","πλήν@p εἷς@angms- γε@b ὁ@dgmp συνήθης@angmp- ἐν@p ὁ@ddns δωμάτιον@ndnsc πάρειμι1@vppagms ἀναπτύσσω@vpaanms δίαιμος@namsc εἶδον@vpaagms ἐκεῖνος@rpgms καί@cs θαυμάζω@vpaagms οὗτος@rpnnp λέγω@viaa3s ὦ@i κεφάλων@nvmsp ἐπίχειρα@nnfsc ὁ@dgfs βασιλικός@angfs- φιλία@ngfsc"
"Arat._53.1","οὕτως@b δέ@b αὐτός@rpgms τελευτάω@vpaagms ἐν@p αἴγιον@ndnsp ὁ@dans ἑπτακαιδέκατος@anans- στρατηγέω@vppagms καί@cs ὁ@dgmp ἀχαιός@ngmpp φιλοτιμέομαι@vppegmp ἐκεῖ@b γίγνομαι@vnam-- ταφή@nafpc καί@cs μνῆμα@nanpc πρέπω@vppaams ὁ@ddms βίος@ndmsc ὁ@dams ἀνήρ@ngmsc σικυώνιος@nnmpp συμφορά@nafsc ποιέω@viie3p μή@b παρά@p αὐτός@rpdmp τίθημι@vnap-- ὁ@dans σῶμα@nansc"
"Arat._53.2","καί@b ὁ@damp μέν@b ἀχαιός@nampp πείθω@viaa3p ἐφίημι@vnpa-- νόμος@ngmsc δέ@cs εἰμί@vppagms ἀρχαῖος@angms- μηδείς@rpams θάπτω@vnpe-- τεῖχος@ngnpc ἐντός@p ἰσχυρός@angfs- τε@cs ὁ@ddms νόμος@ndmsc δεισιδαιμονία@ngfsc πρόσειμι@vppagfs πέμπω@viaa3p εἰς@p δελφοί@nampp ὑπέρ@p οὗτος@rpgnp ἔρομαι@vpfmnmp ὁ@dafs πυθία@nafsp ὁ@dnfs δέ@b αὐτός@rpdmp ἀναιρέω@vipa3s ὁ@dams χρησμός@namsc ὅδε@anams- βουλεύω@vipe2s σικυών@nvfsp ζωάγριον@anans- ἀεί@b ἄρατος@ngmsp ἀμφί@p ὁσία@ndfsc θαλία@ndfsc τε@x βιόω@vppegms ἄναξ@ngmsc ὡς@cs ὁ@dnns βαρύνω@vppenns ὅδε@rpdms ἀνήρ@ndmsc καί@cs ὁ@dnns βαρύνω@annns- γαῖα@ngfsc εἰμί@vipa3s ἀσέβημα@nnnsc καί@cs οὐρανός@ngmsc ἠδέ@cs θάλασσα@ngfsc"
"Arat._53.3","κομίζω@vpapgfs δέ@b ὁ@dgfs μαντεία@ngfsc ὅς@dnmp τε@b ἀχαιός@nnmpp σύμπας@annmp- ἥδομαι@viap3p καί@b διαφερόντως@b ὁ@dnmp σικυώνιος@nnmpp μεταβάλλω@vpaanmp εἰς@p ἑορτή@nafsc ὁ@dans πένθος@nansc εὐθύς2@b ἐκ@p ὁ@dgns αἴγιον@ngnsp ὁ@dams νεκρός@namsc στεφανόω@vprenmp καί@cs λευχειμονέω@vppanmp ὑπό@p παιάν@ngmpc καί@cs χορός@ngmpc εἰς@p ὁ@dafs πόλις@nafsc ἀνάγω@viia3p καί@cs τόπος@namsc ἐξαιρέω@vpamnmp περίοπτος@anams- ὥσπερ@cs οἰκιστής@namsc καί@cs σωτήρ@namsc ὁ@dgfs πόλις@ngfsc κηδεύω@viaa3p"
"Arat._53.4","καί@b καλέω@vipe3s μέχρι@p νῦν@b ἀράτειος@nnnsp καί@cs θύω1@vipa3p αὐτός@rpdms θυσία@nafsc ὁ@dafs μέν@b ὅς@rpnfs ὁ@dafs πόλις@nafsc ἀπαλλαξείω@viaa3s ὁ@dgfs τυραννίς@ngfsc ἡμέρα@ndfsc πέμπτος@andfs- δαίσιος@ngmsp μήν@ngmsc ὅς@rpams ἀθηναῖος@nnmpp καλέω@vipa3p ἀνθεστηριών@namsp καί@cs ὁ@dafs θυσία@nafsc ἐκεῖνος@anafs- σωτήριος@nnfsp προσαγορεύω@vipa3p ὁ@dafs δέ@cs ὁ@dgms μείς@ngmsc ἐν@p ὁ@dnfs γίγνομαι@vnam-- ὁ@dams ἀνήρ@namsc διαμνημονεύω@vipa3p ὁ@dgfs μέν@b οὖν@b πρότερος@angfs- ὁ@dnms ὁ@dams ζεύς@ngmsp ὁ@dgms σωτήρ@ngmsp κατάρχω@viie3s θυηπόλος@nnmsc ὁ@dgfs δέ@b δεύτερος@angfs- ὁ@dnms ὁ@dams ἄρατος@ngmsp στροφάω@nansc οὐ@b ὁλόλευκος@anans- ἀλλά@cs μεσοπόρφυρος@anans- ἔχω@vppanms"
"Arat._53.5","μέλος@nanpc δέ@b ἔρδω@viie3s πρός@p κιθάρα@nafsc ὑπό@p ὁ@dgmp περί@p ὁ@dams διόνυσος@namsp τεχνίτης@ngmpc καί@cs συνεπομπεύω@viia3s ὁ@dnms γυμνασιάρχης@nnmsc ἡγέομαι@vppmnms ὁ@dgmp τε@b παῖς@ngmpc καί@cs ὁ@dgmp ἔφηβος@ngmpc εἶτα@cs ἐφέπω@viie3s ὁ@dnfs βουλή@nnfsc στεφανηφορέω@vppanfs καί@cs ὁ@dgmp ἄλλος@angmp- πολίτης@ngmpc ὁ@dnms βούλομαι@vppenms ὅς@rpgmp ἔτι@b δεῖγμα@nanpc μικρός@ananp- ὁ@ddfp ἡμέρα@ndfpc ἐκεῖνος@andfp- ἐξοσιόω@vppenmp διαφυλάσσω@vipa3p ὁ@dnfp δέ@cs πλεῖστος@annfp- ὁ@dgfp τιμή@ngfpc ὑπό@p χρόνος@ngmsc καί@cs πρᾶγμα@ngnpc ἄλλος@angnp- ἐκλείπω@vira3p"
"Arat._54.1","ἀλλά@b γάρ@b ὁ@dnms μέν@b πρέσβυς@annmsc ἄρατος@nnmsp οὕτως@b βιόω@vnaa-- καί@cs τοιοῦτος@rpnms γίγνομαι@vnam-- ὁ@dafs φύσις@nafsc ἱστορέω@vipe3s ὁ@dams δέ@b υἱός@namsc αὐτός@rpgms μιαρός@annms- εἰμί@vppanms φύσις@ndfsc καί@cs μετά@p ὠμότης@ngfsc ὑβριστής@nnmsc ὁ@dnms φίλιππος@nnmsp οὐ@b θανάσιμος@andmp- ἀλλά@cs μανικός@andmp- ἐξίστημι@viaa3s ὁ@dgms λογισμός@ngmsc φάρμακος@ndmpc καί@b παρατρέπω@viaa3s εἰς@p δεινός@anafp- καί@cs ἀλλόκοτος@anafp- ἐπιφορά@nafpc πρᾶξις@ngfpc ἄτοπος@angfp- καί@cs σύν@p αἰσχύνη@ndfsc πάθος@ngnpc ὀλέθριος@angfp- ὀρέγω@vppeams ὥστε@cs ὁ@dams θάνατος@namsc αὐτός@rpdms καίπερ@b εἰμί@vppadms νέος@andms- καί@cs ἀνθέω@vppadms μή@b συμφορά@nafsc ἀλλά@cs ἀπόλυσις@nafsc κακός@angnp- καί@cs σωτηρία@nafsc γίγνομαι@vnam--"
"Arat._54.2","δίκη@nafpc γε@b μήν@b ὁ@dnms φίλιππος@nnmsp οὐ@b μεμπτός@anafp- ζεύς@ndmsp ξένιος@andms- καί@cs φίλιος@andms- ὁ@dgfs ἀνοσιουργία@ngfsc οὗτος@angfs- τίς@angmp- διατελέω@viaa3s καταπολεμέω@vpapnms μέν@b γάρ@b ὑπό@p ῥωμαῖος@ngmpp ἐπιτρέπω@viaa3s ἐκεῖνος@rpdmp ὁ@danp κατά@p ἑαυτοῦ@rpams ἐκπίπτω@vpaanms δέ@cs ὁ@dgfs ἄλλος@angfs- ἀρχή@ngfsc καί@b ὁ@dafp ναῦς@nafpc πλήν@b πέντε@an---- πᾶς@anafp- προίημι@vpamnms καί@cs χίλιοι@ananp- προσκτίσσω@vnfa-- ὁμολογέω@vpaanms τάλαντον@nanpc καί@cs ὁ@dams υἱός@namsc ὁμηρεύω@vpfaams παραδίδωμι@vpaanms διά@p οἶκτος@namsc τυγχάνω@viaa3s μακεδονία@ngfsp καί@cs ὁ@dgmp συντελέω@vppagmp ἀποκτείνω@vppanms δέ@b ἀεί@b ὁ@damp ἄριστος@anamp- καί@cs συγγενής@anamps φρίκη@ngfsc ἐμπίμπλημι@viaa3s καί@cs μῖσος@viia2s ὅλος@anafs- ὁ@dafs βασιλεία@nafsc πρός@p ἑαυτοῦ@rpams"
"Arat._54.3","ἐν@p δέ@b μόνος@anans- ἐν@p τοσοῦτος@andnp- κακός@andnp- εὐτύχημα@nansc κτάομαι@vpamnms υἱός@namsc ἀρετή@ndfsc διαφέρω@vppaams οὗτος@rpams φθόνος@ndmsc καί@cs βασκανία@ndfsc ὁ@dgfs παρά@p ῥωμαῖος@ndmpp τιμή@ngfsc ἀναιρέω@viaa3s περσεύς@ndmsp δέ@cs ἕτερος@andms- ὁ@dafs ἀρχή@nafsc παραδίδωμι@viaa3s ὅς@rpams οὐ@b γνήσιος@anams- ἀλλά@cs ὑπόβλητος@anams- εἰμί@vnpa-- φημί@vipa3p ἐκ@p γναθαίνιον@ngmsp τις@angfs- ἀκέστρια@ngfsc γίγνομαι@vpamams οὗτος@rpams αἰμίλιος@nnmsp θριαμβεύω@viaa3s καί@cs καταστρέφω@viaa3s ἐνταῦθα@b ὁ@dgfs ἀντιγονικός@angfs- βασίλεια@ngfsc ὁ@dnfs διαδοχή@nnfsc ὁ@dnns δέ@cs ἄρατος@ngmsp γένος@nnnsc ἐν@p ὁ@ddfs σικυών@ndfsp καί@cs ὁ@ddfs πελλήνη@ndfsp διαμένω@viaa3s κατά@p ἐγώ@rpamp"
